1	1	1623
2	1	8531
3	1	10473
4	1	18373
5	1	21151
6	2	20796
7	2	21617
8	2	24099
9	2	24512
10	2	24774
11	3	15752
12	3	20035
13	3	20773
14	3	21205
15	3	22090
16	4	1500
17	4	1962
18	4	16283
19	4	17683
20	4	17825
21	5	8497
22	5	10745
23	5	12610
24	5	13712
25	5	15336
26	6	22519
27	6	22632
28	6	22706
29	6	23227
30	6	24825
31	7	6811
32	7	23007
33	7	23038
34	7	23724
35	7	24386
36	8	5828
37	8	9162
38	8	10351
39	8	18327
40	8	24444
41	9	431
42	9	2228
43	9	22408
44	9	22720
45	9	23697
46	10	9218
47	10	14138
48	10	21294
49	10	24205
50	10	24243
51	11	4346
52	11	18646
53	11	18708
54	11	20979
55	11	23454
56	12	6966
57	12	11994
58	12	17935
59	12	21513
60	12	24385
61	13	2787
62	13	13536
63	13	21352
64	13	21397
65	13	22124
66	14	1269
67	14	1352
68	14	9116
69	14	12249
70	14	14337
71	15	1714
72	15	9193
73	15	24018
74	15	24811
75	15	24978
76	16	3990
77	16	4742
78	16	12384
79	16	15828
80	16	24816
81	17	7559
82	17	19577
83	17	22321
84	17	24564
85	17	24664
86	18	11854
87	18	15725
88	18	22711
89	18	24188
90	18	24280
91	19	951
92	19	3270
93	19	12448
94	19	17620
95	19	20747
96	20	2751
97	20	6786
98	20	15251
99	20	21098
100	20	22976
101	21	4290
102	21	8522
103	21	10634
104	21	12339
105	21	19196
106	22	3678
107	22	15248
108	22	22776
109	22	24336
110	22	24792
111	23	7079
112	23	19467
113	23	21291
114	23	22036
115	23	23854
116	24	146
117	24	834
118	24	15803
119	24	19439
120	24	23950
121	25	17659
122	25	19019
123	25	21400
124	25	23596
125	25	24879
126	26	1571
127	26	3084
128	26	4841
129	26	5585
130	26	7468
131	27	7297
132	27	14774
133	27	19173
134	27	20109
135	27	20494
136	28	6373
137	28	16738
138	28	19553
139	28	23924
140	28	24037
141	29	19119
142	29	21172
143	29	21698
144	29	21734
145	29	21965
146	30	5001
147	30	22527
148	30	24105
149	30	24298
150	30	24992
151	31	7707
152	31	16350
153	31	17902
154	31	18059
155	31	21740
156	32	9313
157	32	11982
158	32	14653
159	32	19456
160	32	19838
161	33	10544
162	33	16191
163	33	20314
164	33	22251
165	33	24583
166	34	3004
167	34	22668
168	34	23390
169	34	23708
170	34	24790
171	35	14050
172	35	18709
173	35	20564
174	35	22016
175	35	23526
176	36	12475
177	36	12479
178	36	12806
179	36	19809
180	36	19950
181	37	6201
182	37	11871
183	37	15691
184	37	19290
185	37	21648
186	38	15469
187	38	19728
188	38	23157
189	38	23412
190	38	24927
191	39	17784
192	39	21850
193	39	22411
194	39	22937
195	39	23162
196	40	4275
197	40	19601
198	40	20095
199	40	20517
200	40	23715
201	41	3944
202	41	11508
203	41	14161
204	41	15885
205	41	17692
206	42	1826
207	42	8630
208	42	11375
209	42	12245
210	42	13944
211	43	2574
212	43	5250
213	43	7697
214	43	8266
215	43	12780
216	44	15587
217	44	19813
218	44	20888
219	44	22040
220	44	23606
221	45	7920
222	45	19425
223	45	22348
224	45	24031
225	45	24521
226	46	16805
227	46	20030
228	46	21114
229	46	21121
230	46	24973
231	47	13772
232	47	16490
233	47	17018
234	47	17874
235	47	19596
236	48	14571
237	48	14586
238	48	17462
239	48	20596
240	48	23769
241	49	13556
242	49	15625
243	49	17927
244	49	21562
245	49	24683
246	50	1058
247	50	10597
248	50	12577
249	50	13801
250	50	15671
251	51	9100
252	51	15315
253	51	20270
254	51	20486
255	51	22824
256	52	7114
257	52	18082
258	52	21279
259	52	22280
260	52	22731
261	53	420
262	53	17735
263	53	17843
264	53	19663
265	53	24106
266	54	6413
267	54	16822
268	54	18305
269	54	19363
270	54	20113
271	55	1966
272	55	18426
273	55	18532
274	55	20198
275	55	24769
276	56	5990
277	56	13848
278	56	16784
279	56	20183
280	56	23547
281	57	4889
282	57	17952
283	57	23896
284	57	24363
285	57	24607
286	58	4669
287	58	5361
288	58	15066
289	58	22128
290	58	23863
291	59	8048
292	59	11430
293	59	11596
294	59	13880
295	59	20547
296	60	2249
297	60	5693
298	60	11040
299	60	12003
300	60	16554
301	61	9393
302	61	15672
303	61	18972
304	61	21583
305	61	23492
306	62	5639
307	62	10242
308	62	20035
309	62	20276
310	62	21363
311	63	9878
312	63	13609
313	63	15494
314	63	17544
315	63	17710
316	64	10126
317	64	23728
318	64	24546
319	64	24945
320	64	24989
321	65	11396
322	65	12090
323	65	16273
324	65	17205
325	65	24732
326	66	9312
327	66	14435
328	66	14913
329	66	16965
330	66	24843
331	67	18044
332	67	19056
333	67	21369
334	67	22390
335	67	24768
336	68	3138
337	68	5842
338	68	11176
339	68	14324
340	68	24791
341	69	6077
342	69	17912
343	69	18063
344	69	19643
345	69	24891
346	70	1582
347	70	1800
348	70	4464
349	70	19439
350	70	23950
351	71	12592
352	71	17265
353	71	23780
354	71	24340
355	71	24406
356	72	2907
357	72	5111
358	72	9071
359	72	24127
360	72	24820
361	73	18432
362	73	18552
363	73	19799
364	73	24392
365	73	24989
366	74	13263
367	74	17030
368	74	17226
369	74	18001
370	74	21655
371	75	12214
372	75	17914
373	75	22383
374	75	24669
375	75	24750
376	76	13956
377	76	16643
378	76	18489
379	76	19477
380	76	20271
381	77	7201
382	77	10934
383	77	18446
384	77	23555
385	77	24587
386	78	13075
387	78	17254
388	78	17724
389	78	23472
390	78	24712
391	79	6565
392	79	16758
393	79	18943
394	79	20616
395	79	23263
396	80	8975
397	80	9132
398	80	10269
399	80	15792
400	80	19276
401	81	9683
402	81	10936
403	81	14765
404	81	22751
405	81	23745
406	82	12507
407	82	21962
408	82	22914
409	82	23182
410	82	24946
411	83	9309
412	83	17898
413	83	18374
414	83	20091
415	83	20410
416	84	2292
417	84	9830
418	84	17502
419	84	21745
420	84	22872
421	85	15194
422	85	21767
423	85	22292
424	85	22761
425	85	24190
426	86	10114
427	86	14916
428	86	15402
429	86	16023
430	86	17782
431	87	2665
432	87	13056
433	87	17104
434	87	21676
435	87	24281
436	88	6239
437	88	15980
438	88	17205
439	88	17850
440	88	24936
441	89	3340
442	89	12573
443	89	14532
444	89	17305
445	89	24430
446	90	16603
447	90	19434
448	90	21165
449	90	21470
450	90	22086
451	91	2540
452	91	6337
453	91	12437
454	91	21165
455	91	21470
456	92	14363
457	92	18742
458	92	20729
459	92	21130
460	92	22955
461	93	15305
462	93	19369
463	93	22457
464	93	23990
465	93	24817
466	94	1884
467	94	6363
468	94	9915
469	94	10576
470	94	14285
471	95	7218
472	95	13593
473	95	19525
474	95	21595
475	95	22383
476	96	8705
477	96	10363
478	96	13581
479	96	13742
480	96	24654
481	97	298
482	97	7675
483	97	13004
484	97	14736
485	97	15578
486	98	7042
487	98	9606
488	98	13786
489	98	21553
490	98	23000
491	99	2287
492	99	3930
493	99	8332
494	99	8815
495	99	11322
496	100	10125
497	100	14289
498	100	17943
499	100	22987
500	100	24768
501	101	7273
502	101	14881
503	101	15424
504	101	16236
505	101	18874
506	102	4473
507	102	8958
508	102	22012
509	102	22424
510	102	24136
511	103	3099
512	103	13597
513	103	21193
514	103	22652
515	103	24126
516	104	7326
517	104	9761
518	104	19675
519	104	20374
520	104	20416
521	105	1755
522	105	2515
523	105	4111
524	105	8357
525	105	18757
526	106	1119
527	106	9042
528	106	12578
529	106	13287
530	106	21876
531	107	1309
532	107	19859
533	107	23551
534	107	24053
535	107	24664
536	108	10158
537	108	15058
538	108	23152
539	108	23907
540	108	24563
541	109	2040
542	109	6007
543	109	10642
544	109	19194
545	109	19589
546	110	3196
547	110	3925
548	110	4795
549	110	5205
550	110	21408
551	111	1613
552	111	10159
553	111	12975
554	111	15383
555	111	20687
556	112	10271
557	112	12676
558	112	23484
559	112	23643
560	112	24693
561	113	13224
562	113	23134
563	113	23424
564	113	23858
565	113	24693
566	114	13369
567	114	13984
568	114	14915
569	114	17246
570	114	18987
571	115	11804
572	115	19059
573	115	22927
574	115	24155
575	115	24327
576	116	11936
577	116	15607
578	116	17873
579	116	20897
580	116	22338
581	117	16833
582	117	21668
583	117	22325
584	117	23199
585	117	23570
586	118	9406
587	118	11318
588	118	23848
589	118	24555
590	118	24613
591	119	1489
592	119	10243
593	119	16112
594	119	16156
595	119	16511
596	120	2044
597	120	8265
598	120	10217
599	120	15552
600	120	22894
601	121	12296
602	121	22233
603	121	22762
604	121	23473
605	121	24333
606	122	3377
607	122	4004
608	122	7444
609	122	9457
610	122	17625
611	123	5800
612	123	15674
613	123	22424
614	123	24559
615	123	24928
616	124	6440
617	124	17242
618	124	18508
619	124	19037
620	124	20198
621	125	18079
622	125	19706
623	125	22405
624	125	24034
625	125	24346
626	126	450
627	126	10353
628	126	12161
629	126	21235
630	126	21484
631	127	1154
632	127	6137
633	127	16879
634	127	17452
635	127	18469
636	128	20371
637	128	22201
638	128	22615
639	128	23959
640	128	23973
641	129	14996
642	129	19089
643	129	21632
644	129	23452
645	129	23603
646	130	3358
647	130	3760
648	130	7085
649	130	10673
650	130	13831
651	131	15639
652	131	16093
653	131	16961
654	131	23131
655	131	23685
656	132	9535
657	132	12869
658	132	13604
659	132	22193
660	132	22899
661	133	4102
662	133	10124
663	133	22424
664	133	23159
665	133	24265
666	134	14315
667	134	16895
668	134	22992
669	134	23629
670	134	23956
671	135	4907
672	135	9394
673	135	17956
674	135	19045
675	135	21647
676	136	1746
677	136	20601
678	136	21732
679	136	22666
680	136	24778
681	137	11742
682	137	14380
683	137	15637
684	137	17470
685	137	21621
686	138	6666
687	138	8059
688	138	14569
689	138	21557
690	138	21915
691	139	2238
692	139	19638
693	139	20385
694	139	23207
695	139	24771
696	140	8282
697	140	13000
698	140	23583
699	140	24340
700	140	24406
701	141	15262
702	141	17679
703	141	21776
704	141	22179
705	141	23341
706	142	6153
707	142	7776
708	142	8298
709	142	8352
710	142	10726
711	143	1042
712	143	1162
713	143	16004
714	143	20459
715	143	24687
716	144	6668
717	144	14039
718	144	23895
719	144	24263
720	144	24726
721	145	20118
722	145	21424
723	145	23016
724	145	23900
725	145	24640
726	146	24
727	146	8802
728	146	11690
729	146	12730
730	146	15771
731	147	424
732	147	3104
733	147	6940
734	147	10036
735	147	24445
736	148	5255
737	148	21329
738	148	22617
739	148	23753
740	148	24740
741	149	8075
742	149	14159
743	149	16255
744	149	16758
745	149	21389
746	150	15352
747	150	16176
748	150	16849
749	150	19941
750	150	23810
751	151	20020
752	151	22948
753	151	22961
754	151	23399
755	151	24259
756	152	8357
757	152	9040
758	152	10865
759	152	12607
760	152	23121
761	153	6068
762	153	9291
763	153	13284
764	153	17374
765	153	24391
766	154	12784
767	154	21529
768	154	22664
769	154	24182
770	154	24528
771	155	5028
772	155	13267
773	155	22976
774	155	23324
775	155	24179
776	156	3993
777	156	4776
778	156	10384
779	156	17969
780	156	23605
781	157	2773
782	157	7285
783	157	9281
784	157	10569
785	157	24088
786	158	4708
787	158	6266
788	158	16052
789	158	24805
790	158	24927
791	159	1424
792	159	7332
793	159	12717
794	159	18688
795	159	22608
796	160	4742
797	160	7339
798	160	11971
799	160	13285
800	160	22455
801	161	18969
802	161	20933
803	161	21259
804	161	22569
805	161	22727
806	162	1510
807	162	18009
808	162	18981
809	162	19770
810	162	22950
811	163	565
812	163	2295
813	163	2891
814	163	4990
815	163	23549
816	164	2848
817	164	12084
818	164	13092
819	164	15252
820	164	19516
821	165	15399
822	165	19471
823	165	23533
824	165	24306
825	165	24308
826	166	7081
827	166	17087
828	166	21799
829	166	22803
830	166	23495
831	167	9914
832	167	11717
833	167	12404
834	167	21959
835	167	23802
836	168	15521
837	168	19559
838	168	20047
839	168	20372
840	168	22739
841	169	3173
842	169	5671
843	169	12163
844	169	18148
845	169	19565
846	170	228
847	170	478
848	170	1944
849	170	5759
850	170	9492
851	171	539
852	171	4673
853	171	6901
854	171	12405
855	171	14415
856	172	16488
857	172	20209
858	172	24051
859	172	24083
860	172	24112
861	173	9522
862	173	10407
863	173	14454
864	173	14545
865	173	18707
866	174	3456
867	174	3754
868	174	10649
869	174	15454
870	174	21296
871	175	7733
872	175	8351
873	175	18557
874	175	20885
875	175	24852
876	176	17702
877	176	19393
878	176	20149
879	176	20754
880	176	21164
881	177	1157
882	177	2332
883	177	9748
884	177	16717
885	177	19664
886	178	17300
887	178	18545
888	178	23038
889	178	23724
890	178	24386
891	179	6116
892	179	9766
893	179	9781
894	179	10922
895	179	13639
896	180	5849
897	180	13433
898	180	20752
899	180	23914
900	180	24275
901	181	628
902	181	4126
903	181	9163
904	181	11587
905	181	13697
906	182	17660
907	182	23082
908	182	23964
909	182	24313
910	182	24637
911	183	300
912	183	3115
913	183	8772
914	183	12325
915	183	13523
916	184	2764
917	184	9271
918	184	15563
919	184	19930
920	184	24577
921	185	1153
922	185	12306
923	185	21663
924	185	22232
925	185	24762
926	186	1002
927	186	11510
928	186	14037
929	186	18336
930	186	23637
931	187	6809
932	187	9199
933	187	18960
934	187	19313
935	187	21600
936	188	6787
937	188	7195
938	188	15003
939	188	16689
940	188	17960
941	189	16127
942	189	18481
943	189	19099
944	189	22092
945	189	24139
946	190	3168
947	190	8314
948	190	16055
949	190	16237
950	190	18896
951	191	13755
952	191	13807
953	191	17798
954	191	19875
955	191	23377
956	192	19609
957	192	22590
958	192	23362
959	192	23935
960	192	24949
961	193	3977
962	193	21784
963	193	22639
964	193	23337
965	193	23867
966	194	5535
967	194	14259
968	194	17590
969	194	18148
970	194	20548
971	195	23249
972	195	23624
973	195	23704
974	195	24898
975	195	24999
976	196	6861
977	196	7680
978	196	15258
979	196	22073
980	196	23838
981	197	7320
982	197	19329
983	197	21468
984	197	22512
985	197	23087
986	198	2901
987	198	7640
988	198	17742
989	198	18477
990	198	22640
991	199	7415
992	199	19864
993	199	22069
994	199	24584
995	199	24619
996	200	15268
997	200	19192
998	200	22800
999	200	23708
1000	200	24895
1001	201	10050
1002	201	18062
1003	201	19202
1004	201	19255
1005	201	24328
1006	202	14458
1007	202	20399
1008	202	22625
1009	202	23637
1010	202	24370
1011	203	4993
1012	203	7626
1013	203	21342
1014	203	23050
1015	203	24644
1016	204	5845
1017	204	7665
1018	204	16140
1019	204	20652
1020	204	23813
1021	205	7051
1022	205	15657
1023	205	20964
1024	205	22274
1025	205	22350
1026	206	845
1027	206	9163
1028	206	11587
1029	206	14574
1030	206	22296
1031	207	17517
1032	207	21986
1033	207	22141
1034	207	23103
1035	207	24589
1036	208	18484
1037	208	19792
1038	208	21730
1039	208	23341
1040	208	24708
1041	209	14040
1042	209	14389
1043	209	24336
1044	209	24792
1045	209	24862
1046	210	16715
1047	210	16774
1048	210	19630
1049	210	20214
1050	210	20427
1051	211	508
1052	211	5383
1053	211	17196
1054	211	22854
1055	211	23409
1056	212	12373
1057	212	17055
1058	212	23323
1059	212	23607
1060	212	24666
1061	213	3344
1062	213	21508
1063	213	23167
1064	213	24602
1065	213	24840
1066	214	3259
1067	214	3617
1068	214	6228
1069	214	9912
1070	214	14971
1071	215	2823
1072	215	4947
1073	215	10126
1074	215	15810
1075	215	17259
1076	216	6461
1077	216	9823
1078	216	13566
1079	216	18378
1080	216	21672
1081	217	6409
1082	217	9294
1083	217	12966
1084	217	16900
1085	217	17483
1086	218	4638
1087	218	15253
1088	218	20171
1089	218	22370
1090	218	24128
1091	219	9991
1092	219	11081
1093	219	17980
1094	219	19910
1095	219	20310
1096	220	8429
1097	220	18417
1098	220	19226
1099	220	20894
1100	220	21805
1101	221	225
1102	221	4748
1103	221	14706
1104	221	24260
1105	221	24711
1106	222	6156
1107	222	8036
1108	222	8522
1109	222	9157
1110	222	14395
1111	223	4804
1112	223	12619
1113	223	22850
1114	223	23677
1115	223	24259
1116	224	17120
1117	224	20056
1118	224	22284
1119	224	23590
1120	224	24123
1121	225	221
1122	225	878
1123	225	4712
1124	225	7164
1125	225	11869
1126	226	9599
1127	226	12684
1128	226	18955
1129	226	23522
1130	226	24016
1131	227	2585
1132	227	9866
1133	227	17353
1134	227	23295
1135	227	24190
1136	228	170
1137	228	369
1138	228	6394
1139	228	10199
1140	228	19128
1141	229	8623
1142	229	14809
1143	229	16539
1144	229	24754
1145	229	24865
1146	230	8693
1147	230	15039
1148	230	17773
1149	230	19392
1150	230	19600
1151	231	2504
1152	231	3988
1153	231	10293
1154	231	13923
1155	231	19584
1156	232	1886
1157	232	4596
1158	232	16579
1159	232	17842
1160	232	21583
1161	233	1833
1162	233	9506
1163	233	17931
1164	233	19667
1165	233	24426
1166	234	8529
1167	234	14227
1168	234	16597
1169	234	23472
1170	234	23849
1171	235	6642
1172	235	6688
1173	235	8344
1174	235	22097
1175	235	23172
1176	236	6622
1177	236	16292
1178	236	16627
1179	236	21939
1180	236	24645
1181	237	8249
1182	237	8354
1183	237	15022
1184	237	20530
1185	237	24133
1186	238	326
1187	238	2401
1188	238	3069
1189	238	13884
1190	238	23651
1191	239	294
1192	239	21241
1193	239	24471
1194	239	24531
1195	239	24788
1196	240	2235
1197	240	4258
1198	240	10141
1199	240	10285
1200	240	23844
1201	241	2326
1202	241	17321
1203	241	19535
1204	241	22968
1205	241	24390
1206	242	1844
1207	242	12894
1208	242	14588
1209	242	16112
1210	242	17837
1211	243	9091
1212	243	18854
1213	243	22571
1214	243	22997
1215	243	24653
1216	244	8427
1217	244	16404
1218	244	18988
1219	244	22598
1220	244	22967
1221	245	4609
1222	245	5726
1223	245	13499
1224	245	24220
1225	245	24592
1226	246	5075
1227	246	14856
1228	246	17131
1229	246	18339
1230	246	23517
1231	247	1700
1232	247	3823
1233	247	12927
1234	247	19238
1235	247	24595
1236	248	7894
1237	248	9291
1238	248	12127
1239	248	14712
1240	248	24138
1241	249	8212
1242	249	19680
1243	249	20467
1244	249	21142
1245	249	23874
1246	250	8736
1247	250	9883
1248	250	14102
1249	250	14863
1250	250	16210
1251	251	12171
1252	251	15752
1253	251	17611
1254	251	19998
1255	251	21399
1256	252	10599
1257	252	21742
1258	252	22566
1259	252	23629
1260	252	23956
1261	253	1756
1262	253	16923
1263	253	21787
1264	253	22031
1265	253	23821
1266	254	4596
1267	254	10191
1268	254	15496
1269	254	17666
1270	254	20314
1271	255	13614
1272	255	17500
1273	255	18713
1274	255	21304
1275	255	21371
1276	256	4902
1277	256	22868
1278	256	24135
1279	256	24719
1280	256	24872
1281	257	8729
1282	257	23857
1283	257	24093
1284	257	24226
1285	257	24491
1286	258	19148
1287	258	20759
1288	258	22356
1289	258	22641
1290	258	23314
1291	259	17729
1292	259	17793
1293	259	19452
1294	259	19611
1295	259	23499
1296	260	9929
1297	260	14807
1298	260	21292
1299	260	24393
1300	260	24988
1301	261	1332
1302	261	5882
1303	261	8181
1304	261	14623
1305	261	14683
1306	262	354
1307	262	9956
1308	262	10812
1309	262	18351
1310	262	21004
1311	263	10316
1312	263	10684
1313	263	10786
1314	263	11013
1315	263	23993
1316	264	7419
1317	264	18034
1318	264	21059
1319	264	22285
1320	264	23594
1321	265	12101
1322	265	22737
1323	265	24052
1324	265	24089
1325	265	24707
1326	266	18706
1327	266	18972
1328	266	22566
1329	266	23558
1330	266	23653
1331	267	1660
1332	267	21752
1333	267	22841
1334	267	23464
1335	267	24315
1336	268	16717
1337	268	20217
1338	268	22717
1339	268	23191
1340	268	24596
1341	269	391
1342	269	8184
1343	269	8672
1344	269	9979
1345	269	15185
1346	270	2612
1347	270	13305
1348	270	13732
1349	270	23280
1350	270	23523
1351	271	6247
1352	271	6286
1353	271	9580
1354	271	10542
1355	271	19618
1356	272	14944
1357	272	17380
1358	272	19397
1359	272	23924
1360	272	24037
1361	273	14150
1362	273	17889
1363	273	18940
1364	273	22455
1365	273	24422
1366	274	5884
1367	274	13508
1368	274	14495
1369	274	15524
1370	274	23344
1371	275	10818
1372	275	13192
1373	275	13220
1374	275	13643
1375	275	22190
1376	276	4376
1377	276	8727
1378	276	21153
1379	276	23450
1380	276	23866
1381	277	14325
1382	277	15441
1383	277	16862
1384	277	19031
1385	277	21595
1386	278	8383
1387	278	8902
1388	278	12537
1389	278	15210
1390	278	18249
1391	279	3981
1392	279	9784
1393	279	10167
1394	279	13381
1395	279	15419
1396	280	8791
1397	280	11987
1398	280	16032
1399	280	18729
1400	280	24148
1401	281	2661
1402	281	12242
1403	281	14469
1404	281	24096
1405	281	24988
1406	282	13755
1407	282	17798
1408	282	18055
1409	282	19848
1410	282	20043
1411	283	5880
1412	283	14625
1413	283	19666
1414	283	20776
1415	283	22963
1416	284	15121
1417	284	21948
1418	284	23956
1419	284	24826
1420	284	24851
1421	285	21229
1422	285	22439
1423	285	23931
1424	285	24413
1425	285	24595
1426	286	2197
1427	286	16740
1428	286	19474
1429	286	21075
1430	286	21674
1431	287	4326
1432	287	10118
1433	287	10996
1434	287	18373
1435	287	23762
1436	288	4524
1437	288	14771
1438	288	15561
1439	288	23565
1440	288	24891
1441	289	2639
1442	289	4937
1443	289	5569
1444	289	17620
1445	289	23323
1446	290	5412
1447	290	7170
1448	290	7222
1449	290	20333
1450	290	23481
1451	291	20287
1452	291	20502
1453	291	22879
1454	291	23226
1455	291	24104
1456	292	4272
1457	292	9813
1458	292	16895
1459	292	17533
1460	292	24059
1461	293	4099
1462	293	4709
1463	293	14437
1464	293	16621
1465	293	17172
1466	294	239
1467	294	16965
1468	294	19617
1469	294	20583
1470	294	22573
1471	295	4110
1472	295	9357
1473	295	13279
1474	295	15443
1475	295	20928
1476	296	8960
1477	296	13978
1478	296	16066
1479	296	16771
1480	296	17934
1481	297	8784
1482	297	15411
1483	297	16466
1484	297	20581
1485	297	21954
1486	298	97
1487	298	4029
1488	298	4474
1489	298	9414
1490	298	15578
1491	299	10187
1492	299	10941
1493	299	10956
1494	299	17975
1495	299	19980
1496	300	183
1497	300	5820
1498	300	18864
1499	300	22006
1500	300	22834
1501	301	4439
1502	301	10143
1503	301	10703
1504	301	18899
1505	301	24140
1506	302	9034
1507	302	14571
1508	302	16244
1509	302	17634
1510	302	18926
1511	303	6180
1512	303	15220
1513	303	19712
1514	303	24767
1515	303	24845
1516	304	19453
1517	304	20586
1518	304	22156
1519	304	24294
1520	304	24360
1521	305	15430
1522	305	17571
1523	305	17868
1524	305	22784
1525	305	23634
1526	306	7167
1527	306	7606
1528	306	9369
1529	306	19116
1530	306	20202
1531	307	13574
1532	307	21801
1533	307	24288
1534	307	24318
1535	307	24612
1536	308	998
1537	308	9013
1538	308	9201
1539	308	13680
1540	308	20476
1541	309	9336
1542	309	17900
1543	309	20119
1544	309	22209
1545	309	23543
1546	310	18366
1547	310	18463
1548	310	21834
1549	310	21893
1550	310	24866
1551	311	16416
1552	311	23492
1553	311	24234
1554	311	24429
1555	311	24616
1556	312	868
1557	312	3434
1558	312	13799
1559	312	14330
1560	312	16591
1561	313	2364
1562	313	6018
1563	313	9542
1564	313	17149
1565	313	22051
1566	314	13957
1567	314	19648
1568	314	22184
1569	314	24293
1570	314	24433
1571	315	7078
1572	315	18465
1573	315	19293
1574	315	21875
1575	315	23882
1576	316	873
1577	316	9343
1578	316	21414
1579	316	21495
1580	316	22321
1581	317	3087
1582	317	6691
1583	317	11868
1584	317	12565
1585	317	18817
1586	318	2407
1587	318	12822
1588	318	13291
1589	318	17906
1590	318	23928
1591	319	1931
1592	319	4173
1593	319	13749
1594	319	15195
1595	319	17713
1596	320	6551
1597	320	7449
1598	320	14261
1599	320	14597
1600	320	21461
1601	321	9184
1602	321	13319
1603	321	22239
1604	321	22882
1605	321	24278
1606	322	18231
1607	322	18893
1608	322	19347
1609	322	19871
1610	322	22103
1611	323	1633
1612	323	21013
1613	323	24076
1614	323	24290
1615	323	24397
1616	324	6295
1617	324	8238
1618	324	21912
1619	324	22857
1620	324	23825
1621	325	10968
1622	325	22599
1623	325	24624
1624	325	24803
1625	325	24898
1626	326	238
1627	326	13791
1628	326	17160
1629	326	18879
1630	326	20711
1631	327	10055
1632	327	16111
1633	327	23487
1634	327	24121
1635	327	24452
1636	328	9789
1637	328	23500
1638	328	24342
1639	328	24817
1640	328	24906
1641	329	12921
1642	329	15742
1643	329	17397
1644	329	21560
1645	329	22413
1646	330	6179
1647	330	9955
1648	330	15005
1649	330	20327
1650	330	23544
1651	331	10873
1652	331	11477
1653	331	12051
1654	331	13153
1655	331	17539
1656	332	15884
1657	332	22150
1658	332	22217
1659	332	22776
1660	332	23239
1661	333	17040
1662	333	17091
1663	333	17151
1664	333	19142
1665	333	23921
1666	334	2967
1667	334	6782
1668	334	14934
1669	334	21752
1670	334	21930
1671	335	7965
1672	335	14549
1673	335	21184
1674	335	23623
1675	335	24625
1676	336	11283
1677	336	17499
1678	336	18288
1679	336	19062
1680	336	23309
1681	337	8068
1682	337	17513
1683	337	18008
1684	337	19899
1685	337	23459
1686	338	883
1687	338	5924
1688	338	11698
1689	338	21618
1690	338	24389
1691	339	11333
1692	339	14240
1693	339	17395
1694	339	19468
1695	339	20864
1696	340	7573
1697	340	10860
1698	340	12328
1699	340	13865
1700	340	18180
1701	341	15589
1702	341	18357
1703	341	19079
1704	341	23564
1705	341	24162
1706	342	6352
1707	342	13227
1708	342	16450
1709	342	17713
1710	342	18503
1711	343	6924
1712	343	15282
1713	343	16682
1714	343	20250
1715	343	23233
1716	344	16831
1717	344	19267
1718	344	20215
1719	344	22374
1720	344	24461
1721	345	3243
1722	345	5713
1723	345	9582
1724	345	18828
1725	345	23883
1726	346	5781
1727	346	10906
1728	346	11754
1729	346	14953
1730	346	18094
1731	347	12398
1732	347	18862
1733	347	18867
1734	347	19652
1735	347	23756
1736	348	15354
1737	348	20642
1738	348	21110
1739	348	21269
1740	348	21469
1741	349	7194
1742	349	14480
1743	349	14570
1744	349	14806
1745	349	23809
1746	350	7306
1747	350	18772
1748	350	19101
1749	350	19777
1750	350	24877
1751	351	13357
1752	351	16495
1753	351	19957
1754	351	22600
1755	351	24872
1756	352	15429
1757	352	16124
1758	352	24084
1759	352	24609
1760	352	24862
1761	353	5078
1762	353	5260
1763	353	7060
1764	353	13222
1765	353	24506
1766	354	262
1767	354	9956
1768	354	10812
1769	354	12361
1770	354	24603
1771	355	995
1772	355	20071
1773	355	22171
1774	355	22207
1775	355	24226
1776	356	15263
1777	356	16334
1778	356	19010
1779	356	20549
1780	356	21949
1781	357	12413
1782	357	16234
1783	357	20575
1784	357	21892
1785	357	23537
1786	358	7714
1787	358	10461
1788	358	20731
1789	358	22422
1790	358	22849
1791	359	8582
1792	359	20629
1793	359	24070
1794	359	24686
1795	359	24752
1796	360	13039
1797	360	13842
1798	360	14783
1799	360	24632
1800	360	24681
1801	361	1993
1802	361	3833
1803	361	15131
1804	361	17432
1805	361	20001
1806	362	2204
1807	362	22534
1808	362	23176
1809	362	24145
1810	362	24627
1811	363	7868
1812	363	22686
1813	363	23469
1814	363	23745
1815	363	24151
1816	364	16801
1817	364	17814
1818	364	23046
1819	364	24277
1820	364	24451
1821	365	1073
1822	365	14433
1823	365	22151
1824	365	23060
1825	365	24375
1826	366	15512
1827	366	16978
1828	366	20594
1829	366	23004
1830	366	23442
1831	367	5815
1832	367	17758
1833	367	18735
1834	367	24059
1835	367	24514
1836	368	4581
1837	368	12084
1838	368	15220
1839	368	21495
1840	368	24199
1841	369	228
1842	369	2124
1843	369	9222
1844	369	9289
1845	369	18885
1846	370	6063
1847	370	14793
1848	370	14991
1849	370	15861
1850	370	23225
1851	371	14091
1852	371	17404
1853	371	21048
1854	371	23509
1855	371	24984
1856	372	8452
1857	372	10511
1858	372	15815
1859	372	18775
1860	372	22348
1861	373	7649
1862	373	14498
1863	373	15659
1864	373	17286
1865	373	20747
1866	374	6220
1867	374	21450
1868	374	21740
1869	374	23274
1870	374	23648
1871	375	9879
1872	375	10369
1873	375	17942
1874	375	18063
1875	375	18596
1876	376	13653
1877	376	18281
1878	376	21740
1879	376	23363
1880	376	24544
1881	377	7417
1882	377	10496
1883	377	15496
1884	377	17385
1885	377	17666
1886	378	1405
1887	378	9698
1888	378	11538
1889	378	18829
1890	378	23967
1891	379	6829
1892	379	8600
1893	379	11376
1894	379	12481
1895	379	15687
1896	380	5738
1897	380	6231
1898	380	7753
1899	380	16345
1900	380	20354
1901	381	2323
1902	381	3381
1903	381	7172
1904	381	8712
1905	381	11560
1906	382	15421
1907	382	16187
1908	382	19707
1909	382	21355
1910	382	24751
1911	383	17409
1912	383	17989
1913	383	23479
1914	383	23850
1915	383	24747
1916	384	1081
1917	384	6672
1918	384	17576
1919	384	19525
1920	384	22215
1921	385	16390
1922	385	18952
1923	385	21030
1924	385	21496
1925	385	23496
1926	386	4340
1927	386	5533
1928	386	6367
1929	386	9164
1930	386	23087
1931	387	8900
1932	387	11686
1933	387	16283
1934	387	23471
1935	387	24913
1936	388	6481
1937	388	19299
1938	388	22625
1939	388	24030
1940	388	24370
1941	389	1269
1942	389	1352
1943	389	1913
1944	389	9116
1945	389	24388
1946	390	8701
1947	390	8765
1948	390	9763
1949	390	12597
1950	390	22377
1951	391	269
1952	391	22158
1953	391	22811
1954	391	23369
1955	391	24047
1956	392	11255
1957	392	11644
1958	392	14537
1959	392	20625
1960	392	23701
1961	393	9939
1962	393	17234
1963	393	17513
1964	393	18008
1965	393	19706
1966	394	13783
1967	394	13998
1968	394	17841
1969	394	19274
1970	394	22687
1971	395	12766
1972	395	17902
1973	395	20709
1974	395	21017
1975	395	24540
1976	396	15753
1977	396	19651
1978	396	20621
1979	396	22079
1980	396	22697
1981	397	3687
1982	397	4041
1983	397	11717
1984	397	12404
1985	397	23891
1986	398	12369
1987	398	21140
1988	398	22583
1989	398	23831
1990	398	23862
1991	399	6643
1992	399	11441
1993	399	17739
1994	399	22388
1995	399	24368
1996	400	2064
1997	400	17125
1998	400	17774
1999	400	20793
2000	400	21710
2001	401	10572
2002	401	14626
2003	401	15689
2004	401	19596
2005	401	24875
2006	402	13201
2007	402	17053
2008	402	18759
2009	402	21143
2010	402	23143
2011	403	6992
2012	403	10464
2013	403	14031
2014	403	14648
2015	403	23113
2016	404	1625
2017	404	4958
2018	404	7160
2019	404	8332
2020	404	13367
2021	405	3102
2022	405	8006
2023	405	13368
2024	405	16001
2025	405	21358
2026	406	9142
2027	406	11772
2028	406	12102
2029	406	15422
2030	406	21662
2031	407	17360
2032	407	18208
2033	407	20283
2034	407	20926
2035	407	21155
2036	408	15324
2037	408	20409
2038	408	20924
2039	408	21889
2040	408	24297
2041	409	824
2042	409	20111
2043	409	20443
2044	409	22180
2045	409	23325
2046	410	8435
2047	410	9080
2048	410	9309
2049	410	9764
2050	410	24902
2051	411	6326
2052	411	7030
2053	411	19234
2054	411	19250
2055	411	23815
2056	412	20127
2057	412	20446
2058	412	22144
2059	412	23895
2060	412	24372
2061	413	419
2062	413	15733
2063	413	18753
2064	413	23369
2065	413	24330
2066	414	6696
2067	414	13494
2068	414	19755
2069	414	19828
2070	414	23359
2071	415	13270
2072	415	14418
2073	415	15726
2074	415	22624
2075	415	24866
2076	416	12855
2077	416	14388
2078	416	18888
2079	416	19052
2080	416	19741
2081	417	8347
2082	417	14819
2083	417	16272
2084	417	23217
2085	417	23238
2086	418	5124
2087	418	11695
2088	418	13158
2089	418	13652
2090	418	17333
2091	419	413
2092	419	12252
2093	419	18880
2094	419	21532
2095	419	22224
2096	420	53
2097	420	17843
2098	420	19362
2099	420	21375
2100	420	22171
2101	421	17441
2102	421	19835
2103	421	23195
2104	421	23940
2105	421	24150
2106	422	5086
2107	422	8078
2108	422	8304
2109	422	13695
2110	422	23574
2111	423	1599
2112	423	3769
2113	423	6489
2114	423	8859
2115	423	9739
2116	424	147
2117	424	2814
2118	424	6867
2119	424	11955
2120	424	22701
2121	425	900
2122	425	20906
2123	425	23268
2124	425	23534
2125	425	23709
2126	426	12315
2127	426	20388
2128	426	21810
2129	426	23649
2130	426	24566
2131	427	5092
2132	427	6075
2133	427	10622
2134	427	13588
2135	427	15100
2136	428	11505
2137	428	12251
2138	428	13731
2139	428	19619
2140	428	23908
2141	429	6291
2142	429	15568
2143	429	16327
2144	429	18153
2145	429	20304
2146	430	2590
2147	430	13365
2148	430	15208
2149	430	16586
2150	430	17945
2151	431	9
2152	431	4858
2153	431	15160
2154	431	17749
2155	431	22660
2156	432	5876
2157	432	11606
2158	432	15938
2159	432	20670
2160	432	23943
2161	433	3457
2162	433	17595
2163	433	20848
2164	433	23183
2165	433	23870
2166	434	16767
2167	434	18713
2168	434	19971
2169	434	21371
2170	434	21798
2171	435	10006
2172	435	19101
2173	435	23143
2174	435	23521
2175	435	24803
2176	436	13091
2177	436	15328
2178	436	19174
2179	436	22621
2180	436	23336
2181	437	12250
2182	437	14148
2183	437	15672
2184	437	16524
2185	437	18972
2186	438	17609
2187	438	17983
2188	438	19364
2189	438	22877
2190	438	24793
2191	439	769
2192	439	5402
2193	439	13002
2194	439	14546
2195	439	23410
2196	440	18000
2197	440	19156
2198	440	20739
2199	440	21783
2200	440	21855
2201	441	655
2202	441	16281
2203	441	21890
2204	441	22381
2205	441	24998
2206	442	6433
2207	442	18072
2208	442	20762
2209	442	20995
2210	442	22526
2211	443	1988
2212	443	10078
2213	443	11921
2214	443	15707
2215	443	16890
2216	444	7608
2217	444	18156
2218	444	19214
2219	444	19647
2220	444	24392
2221	445	11657
2222	445	11699
2223	445	13038
2224	445	13745
2225	445	19006
2226	446	4224
2227	446	9277
2228	446	14737
2229	446	21801
2230	446	23983
2231	447	2030
2232	447	11674
2233	447	16080
2234	447	18119
2235	447	19701
2236	448	16352
2237	448	17101
2238	448	21776
2239	448	23341
2240	448	24708
2241	449	3030
2242	449	12632
2243	449	14220
2244	449	17552
2245	449	19544
2246	450	126
2247	450	19679
2248	450	21492
2249	450	22459
2250	450	23554
2251	451	11216
2252	451	13542
2253	451	19101
2254	451	20114
2255	451	21395
2256	452	8997
2257	452	20808
2258	452	20959
2259	452	21019
2260	452	21865
2261	453	5530
2262	453	16163
2263	453	17410
2264	453	21272
2265	453	23797
2266	454	6417
2267	454	7898
2268	454	19979
2269	454	20737
2270	454	22674
2271	455	2141
2272	455	13853
2273	455	14814
2274	455	15054
2275	455	23890
2276	456	21038
2277	456	21191
2278	456	21246
2279	456	22087
2280	456	24729
2281	457	15930
2282	457	20411
2283	457	21986
2284	457	23103
2285	457	23925
2286	458	9205
2287	458	11801
2288	458	18780
2289	458	18953
2290	458	24799
2291	459	10278
2292	459	11540
2293	459	16803
2294	459	21051
2295	459	24561
2296	460	4128
2297	460	8568
2298	460	12153
2299	460	12893
2300	460	18314
2301	461	10031
2302	461	15585
2303	461	16042
2304	461	18063
2305	461	19693
2306	462	14512
2307	462	20175
2308	462	21576
2309	462	23397
2310	462	24160
2311	463	22383
2312	463	23235
2313	463	23539
2314	463	24484
2315	463	24692
2316	464	5546
2317	464	6047
2318	464	9753
2319	464	11377
2320	464	23328
2321	465	601
2322	465	6156
2323	465	13914
2324	465	23419
2325	465	24161
2326	466	16512
2327	466	21431
2328	466	22130
2329	466	22313
2330	466	23752
2331	467	17666
2332	467	19063
2333	467	19225
2334	467	21418
2335	467	24088
2336	468	6779
2337	468	11001
2338	468	17425
2339	468	17491
2340	468	24914
2341	469	6255
2342	469	11512
2343	469	13056
2344	469	15445
2345	469	22776
2346	470	6113
2347	470	14122
2348	470	17234
2349	470	22710
2350	470	22735
2351	471	841
2352	471	2299
2353	471	4952
2354	471	10244
2355	471	15316
2356	472	4427
2357	472	7198
2358	472	9170
2359	472	9562
2360	472	22644
2361	473	23499
2362	473	24852
2363	473	24874
2364	473	24956
2365	473	24981
2366	474	10137
2367	474	15283
2368	474	15507
2369	474	16076
2370	474	19208
2371	475	2325
2372	475	4597
2373	475	9861
2374	475	16804
2375	475	21111
2376	476	14300
2377	476	17094
2378	476	17664
2379	476	19088
2380	476	19611
2381	477	4109
2382	477	6646
2383	477	15730
2384	477	23121
2385	477	24934
2386	478	170
2387	478	1706
2388	478	9492
2389	478	17377
2390	478	21722
2391	479	1405
2392	479	3261
2393	479	9698
2394	479	11538
2395	479	21670
2396	480	5387
2397	480	22489
2398	480	23372
2399	480	24046
2400	480	24894
2401	481	1411
2402	481	6407
2403	481	17684
2404	481	21945
2405	481	24514
2406	482	14640
2407	482	14964
2408	482	15473
2409	482	18228
2410	482	19822
2411	483	3820
2412	483	11087
2413	483	16797
2414	483	20901
2415	483	23010
2416	484	4962
2417	484	8502
2418	484	9866
2419	484	22942
2420	484	23775
2421	485	2418
2422	485	11149
2423	485	18365
2424	485	20183
2425	485	20511
2426	486	6059
2427	486	14105
2428	486	20104
2429	486	20504
2430	486	23160
2431	487	15116
2432	487	17490
2433	487	24671
2434	487	24880
2435	487	24933
2436	488	11825
2437	488	15565
2438	488	19668
2439	488	21339
2440	488	23359
2441	489	13205
2442	489	21799
2443	489	22803
2444	489	22996
2445	489	23362
2446	490	11345
2447	490	12240
2448	490	16111
2449	490	16722
2450	490	18734
2451	491	17138
2452	491	19978
2453	491	22787
2454	491	24537
2455	491	24773
2456	492	838
2457	492	2414
2458	492	3190
2459	492	20182
2460	492	21471
2461	493	7884
2462	493	8595
2463	493	12948
2464	493	13094
2465	493	24707
2466	494	16870
2467	494	17557
2468	494	17584
2469	494	18343
2470	494	18939
2471	495	1797
2472	495	2741
2473	495	5259
2474	495	9019
2475	495	24211
2476	496	6876
2477	496	9885
2478	496	17133
2479	496	18057
2480	496	23278
2481	497	4097
2482	497	13622
2483	497	22634
2484	497	23282
2485	497	23559
2486	498	2867
2487	498	11098
2488	498	12497
2489	498	16783
2490	498	17356
2491	499	15495
2492	499	17770
2493	499	18029
2494	499	19107
2495	499	23807
2496	500	14612
2497	500	19431
2498	500	21022
2499	500	22015
2500	500	22968
2501	501	16498
2502	501	19102
2503	501	21228
2504	501	21880
2505	501	23062
2506	502	3112
2507	502	12476
2508	502	14151
2509	502	19450
2510	502	22282
2511	503	5716
2512	503	14381
2513	503	16122
2514	503	23106
2515	503	24179
2516	504	6079
2517	504	13200
2518	504	18145
2519	504	24063
2520	504	24542
2521	505	3572
2522	505	4054
2523	505	17956
2524	505	19045
2525	505	23501
2526	506	8998
2527	506	11479
2528	506	14397
2529	506	16876
2530	506	21889
2531	507	18580
2532	507	20530
2533	507	20695
2534	507	23718
2535	507	24133
2536	508	211
2537	508	16299
2538	508	18165
2539	508	20487
2540	508	21618
2541	509	10221
2542	509	11794
2543	509	12287
2544	509	13627
2545	509	19279
2546	510	958
2547	510	4503
2548	510	5405
2549	510	12699
2550	510	24197
2551	511	5208
2552	511	23870
2553	511	24191
2554	511	24280
2555	511	24679
2556	512	9616
2557	512	18973
2558	512	23562
2559	512	23913
2560	512	24055
2561	513	10973
2562	513	19385
2563	513	20682
2564	513	23531
2565	513	24930
2566	514	11751
2567	514	19150
2568	514	19305
2569	514	24180
2570	514	24797
2571	515	3288
2572	515	21558
2573	515	23963
2574	515	24271
2575	515	24635
2576	516	15633
2577	516	18423
2578	516	21981
2579	516	23504
2580	516	23652
2581	517	4579
2582	517	13490
2583	517	16790
2584	517	22009
2585	517	23187
2586	518	686
2587	518	6232
2588	518	23214
2589	518	24205
2590	518	24243
2591	519	3181
2592	519	17855
2593	519	19332
2594	519	22968
2595	519	23920
2596	520	11740
2597	520	18305
2598	520	19363
2599	520	20113
2600	520	24499
2601	521	6677
2602	521	8354
2603	521	12494
2604	521	15829
2605	521	23609
2606	522	17932
2607	522	18109
2608	522	20126
2609	522	24503
2610	522	24797
2611	523	7264
2612	523	19479
2613	523	24389
2614	523	24435
2615	523	24585
2616	524	9775
2617	524	16092
2618	524	21126
2619	524	22835
2620	524	24028
2621	525	9127
2622	525	14832
2623	525	19976
2624	525	21169
2625	525	21462
2626	526	9108
2627	526	21085
2628	526	22176
2629	526	22186
2630	526	23302
2631	527	11580
2632	527	17711
2633	527	20815
2634	527	22808
2635	527	23769
2636	528	794
2637	528	17610
2638	528	17961
2639	528	18372
2640	528	19161
2641	529	5722
2642	529	21082
2643	529	21785
2644	529	23436
2645	529	24839
2646	530	4413
2647	530	7568
2648	530	9335
2649	530	10656
2650	530	24809
2651	531	9901
2652	531	22689
2653	531	23273
2654	531	23975
2655	531	24290
2656	532	13185
2657	532	18456
2658	532	21563
2659	532	24591
2660	532	24924
2661	533	11973
2662	533	14034
2663	533	18201
2664	533	18997
2665	533	21730
2666	534	5352
2667	534	10430
2668	534	21043
2669	534	21199
2670	534	23917
2671	535	16255
2672	535	16758
2673	535	17221
2674	535	21071
2675	535	24667
2676	536	9047
2677	536	11689
2678	536	19485
2679	536	20522
2680	536	24223
2681	537	23022
2682	537	23205
2683	537	24811
2684	537	24947
2685	537	24978
2686	538	8279
2687	538	23297
2688	538	24706
2689	538	24824
2690	538	24843
2691	539	171
2692	539	13028
2693	539	13208
2694	539	19238
2695	539	22200
2696	540	3371
2697	540	11799
2698	540	15515
2699	540	17490
2700	540	24004
2701	541	1730
2702	541	4026
2703	541	4152
2704	541	12569
2705	541	18935
2706	542	14968
2707	542	16418
2708	542	16481
2709	542	21034
2710	542	24715
2711	543	8772
2712	543	9578
2713	543	21368
2714	543	24706
2715	543	24824
2716	544	17992
2717	544	19011
2718	544	19909
2719	544	20188
2720	544	21623
2721	545	815
2722	545	2941
2723	545	5283
2724	545	5508
2725	545	12755
2726	546	12215
2727	546	19619
2728	546	22786
2729	546	23890
2730	546	24297
2731	547	16062
2732	547	23469
2733	547	24243
2734	547	24386
2735	547	24458
2736	548	12750
2737	548	22039
2738	548	22384
2739	548	23207
2740	548	24456
2741	549	13020
2742	549	13082
2743	549	17122
2744	549	18939
2745	549	24581
2746	550	10938
2747	550	18915
2748	550	20063
2749	550	23127
2750	550	23475
2751	551	15513
2752	551	17075
2753	551	19060
2754	551	20149
2755	551	23232
2756	552	3127
2757	552	14380
2758	552	16641
2759	552	18810
2760	552	24505
2761	553	11491
2762	553	19666
2763	553	22075
2764	553	22514
2765	553	22602
2766	554	1928
2767	554	7820
2768	554	10068
2769	554	11317
2770	554	24385
2771	555	21016
2772	555	21547
2773	555	22866
2774	555	24136
2775	555	24685
2776	556	2669
2777	556	4227
2778	556	8792
2779	556	8987
2780	556	22934
2781	557	7530
2782	557	13929
2783	557	16398
2784	557	16484
2785	557	17787
2786	558	14204
2787	558	18907
2788	558	21048
2789	558	21498
2790	558	22109
2791	559	9563
2792	559	11935
2793	559	19624
2794	559	20245
2795	559	24334
2796	560	9926
2797	560	11841
2798	560	12748
2799	560	13432
2800	560	20404
2801	561	17577
2802	561	18025
2803	561	22374
2804	561	22536
2805	561	23277
2806	562	18050
2807	562	22881
2808	562	22888
2809	562	22896
2810	562	23183
2811	563	3537
2812	563	7025
2813	563	12006
2814	563	22093
2815	563	24514
2816	564	14901
2817	564	16529
2818	564	21064
2819	564	23860
2820	564	24790
2821	565	163
2822	565	791
2823	565	2295
2824	565	2891
2825	565	11497
2826	566	4873
2827	566	4971
2828	566	5643
2829	566	5806
2830	566	17101
2831	567	9066
2832	567	10626
2833	567	21943
2834	567	22366
2835	567	24022
2836	568	7392
2837	568	10543
2838	568	17385
2839	568	17969
2840	568	19469
2841	569	7899
2842	569	11440
2843	569	12406
2844	569	15367
2845	569	18809
2846	570	5118
2847	570	21894
2848	570	23732
2849	570	24439
2850	570	24902
2851	571	2099
2852	571	3351
2853	571	5425
2854	571	10631
2855	571	24380
2856	572	13483
2857	572	19998
2858	572	20238
2859	572	23658
2860	572	24826
2861	573	694
2862	573	4528
2863	573	8905
2864	573	16041
2865	573	24300
2866	574	10725
2867	574	12203
2868	574	18635
2869	574	21031
2870	574	22017
2871	575	14928
2872	575	18056
2873	575	22167
2874	575	24384
2875	575	24711
2876	576	7161
2877	576	15646
2878	576	15906
2879	576	20475
2880	576	24965
2881	577	13261
2882	577	22924
2883	577	22953
2884	577	23156
2885	577	23380
2886	578	924
2887	578	12078
2888	578	17289
2889	578	19850
2890	578	20019
2891	579	21841
2892	579	23114
2893	579	23140
2894	579	23389
2895	579	23520
2896	580	8695
2897	580	21049
2898	580	22239
2899	580	22660
2900	580	24304
2901	581	10422
2902	581	22266
2903	581	22496
2904	581	23927
2905	581	24699
2906	582	19730
2907	582	20710
2908	582	24617
2909	582	24629
2910	582	24855
2911	583	749
2912	583	6566
2913	583	6601
2914	583	8116
2915	583	21295
2916	584	14689
2917	584	18696
2918	584	20564
2919	584	24041
2920	584	24225
2921	585	11636
2922	585	13276
2923	585	14264
2924	585	17884
2925	585	19182
2926	586	1019
2927	586	1083
2928	586	9514
2929	586	11961
2930	586	18290
2931	587	20156
2932	587	23304
2933	587	23533
2934	587	24308
2935	587	24595
2936	588	1266
2937	588	10862
2938	588	14463
2939	588	21717
2940	588	24428
2941	589	10811
2942	589	11189
2943	589	11587
2944	589	12535
2945	589	21010
2946	590	12426
2947	590	13134
2948	590	18975
2949	590	20169
2950	590	24330
2951	591	6348
2952	591	13435
2953	591	23006
2954	591	23740
2955	591	23779
2956	592	15368
2957	592	16429
2958	592	21791
2959	592	23351
2960	592	23997
2961	593	3831
2962	593	6017
2963	593	9704
2964	593	15135
2965	593	23158
2966	594	7469
2967	594	7885
2968	594	8711
2969	594	12067
2970	594	13236
2971	595	16684
2972	595	19553
2973	595	21079
2974	595	21255
2975	595	24731
2976	596	5333
2977	596	8906
2978	596	9694
2979	596	20618
2980	596	22170
2981	597	5282
2982	597	8248
2983	597	12890
2984	597	13445
2985	597	14853
2986	598	3087
2987	598	6407
2988	598	11868
2989	598	13805
2990	598	24533
2991	599	18620
2992	599	22801
2993	599	23000
2994	599	24649
2995	599	24886
2996	600	6749
2997	600	13898
2998	600	20283
2999	600	24303
3000	600	24666
3001	601	465
3002	601	6156
3003	601	11926
3004	601	14189
3005	601	18060
3006	602	20133
3007	602	20215
3008	602	22374
3009	602	22601
3010	602	24212
3011	603	17768
3012	603	23661
3013	603	24010
3014	603	24202
3015	603	24650
3016	604	7044
3017	604	12477
3018	604	22001
3019	604	23950
3020	604	24263
3021	605	7651
3022	605	17426
3023	605	20133
3024	605	20256
3025	605	22374
3026	606	6942
3027	606	13051
3028	606	14164
3029	606	16029
3030	606	17851
3031	607	3688
3032	607	6265
3033	607	7045
3034	607	8870
3035	607	23797
3036	608	18011
3037	608	18047
3038	608	23857
3039	608	23998
3040	608	24727
3041	609	2804
3042	609	3232
3043	609	8779
3044	609	12942
3045	609	20253
3046	610	5681
3047	610	8263
3048	610	22401
3049	610	23028
3050	610	23419
3051	611	5223
3052	611	7838
3053	611	11643
3054	611	14886
3055	611	17554
3056	612	6461
3057	612	13400
3058	612	18378
3059	612	20176
3060	612	24031
3061	613	19655
3062	613	23153
3063	613	23743
3064	613	24332
3065	613	24712
3066	614	14058
3067	614	16811
3068	614	18445
3069	614	20913
3070	614	22479
3071	615	8043
3072	615	9025
3073	615	11882
3074	615	16222
3075	615	24916
3076	616	5838
3077	616	6069
3078	616	8029
3079	616	9530
3080	616	22404
3081	617	14669
3082	617	17999
3083	617	23063
3084	617	24512
3085	617	24774
3086	618	18230
3087	618	19374
3088	618	21052
3089	618	22700
3090	618	23077
3091	619	7240
3092	619	9991
3093	619	17857
3094	619	18515
3095	619	20934
3096	620	13920
3097	620	16961
3098	620	19416
3099	620	23358
3100	620	24357
3101	621	10253
3102	621	14784
3103	621	18424
3104	621	20453
3105	621	21746
3106	622	4772
3107	622	9939
3108	622	15068
3109	622	18008
3110	622	24533
3111	623	12361
3112	623	16314
3113	623	19596
3114	623	21232
3115	623	23000
3116	624	3646
3117	624	15118
3118	624	22085
3119	624	22768
3120	624	24966
3121	625	8991
3122	625	11524
3123	625	17132
3124	625	19590
3125	625	22894
3126	626	5082
3127	626	9456
3128	626	9526
3129	626	24526
3130	626	24924
3131	627	22463
3132	627	23066
3133	627	23886
3134	627	23971
3135	627	24766
3136	628	181
3137	628	21212
3138	628	22721
3139	628	22882
3140	628	23358
3141	629	20333
3142	629	23357
3143	629	23575
3144	629	24232
3145	629	24398
3146	630	2944
3147	630	12066
3148	630	14479
3149	630	21787
3150	630	22031
3151	631	3679
3152	631	5652
3153	631	19383
3154	631	21512
3155	631	24357
3156	632	6047
3157	632	16808
3158	632	17072
3159	632	19948
3160	632	24212
3161	633	14147
3162	633	14885
3163	633	19237
3164	633	20129
3165	633	21944
3166	634	2418
3167	634	3185
3168	634	6278
3169	634	6963
3170	634	7446
3171	635	19710
3172	635	22425
3173	635	23614
3174	635	24672
3175	635	24825
3176	636	4572
3177	636	13239
3178	636	14472
3179	636	19103
3180	636	22834
3181	637	5106
3182	637	16970
3183	637	19169
3184	637	19707
3185	637	24610
3186	638	1468
3187	638	4505
3188	638	9794
3189	638	12697
3190	638	23200
3191	639	3716
3192	639	5067
3193	639	11957
3194	639	13388
3195	639	18088
3196	640	5237
3197	640	7382
3198	640	12394
3199	640	12720
3200	640	23727
3201	641	7734
3202	641	7764
3203	641	8216
3204	641	9874
3205	641	16070
3206	642	1869
3207	642	6644
3208	642	21077
3209	642	24129
3210	642	24229
3211	643	979
3212	643	7663
3213	643	10556
3214	643	24137
3215	643	24381
3216	644	5707
3217	644	15601
3218	644	22940
3219	644	23174
3220	644	23654
3221	645	953
3222	645	12040
3223	645	12148
3224	645	12341
3225	645	16221
3226	646	3316
3227	646	8022
3228	646	19033
3229	646	21043
3230	646	21182
3231	647	3394
3232	647	8386
3233	647	21284
3234	647	21430
3235	647	23999
3236	648	1038
3237	648	2807
3238	648	4399
3239	648	22817
3240	648	23277
3241	649	2024
3242	649	6785
3243	649	13622
3244	649	15310
3245	649	24035
3246	650	4332
3247	650	5384
3248	650	15685
3249	650	17569
3250	650	17848
3251	651	916
3252	651	4792
3253	651	6299
3254	651	11795
3255	651	19254
3256	652	878
3257	652	3327
3258	652	10495
3259	652	20570
3260	652	20590
3261	653	8833
3262	653	13382
3263	653	19904
3264	653	23121
3265	653	24934
3266	654	6478
3267	654	11385
3268	654	15414
3269	654	17816
3270	654	21969
3271	655	441
3272	655	13361
3273	655	14578
3274	655	19744
3275	655	22017
3276	656	14531
3277	656	19255
3278	656	20792
3279	656	24662
3280	656	24913
3281	657	5084
3282	657	15613
3283	657	20240
3284	657	23300
3285	657	23712
3286	658	4022
3287	658	18192
3288	658	19480
3289	658	19690
3290	658	21626
3291	659	10910
3292	659	18414
3293	659	23386
3294	659	24816
3295	659	24971
3296	660	6816
3297	660	15743
3298	660	22764
3299	660	22904
3300	660	24750
3301	661	14385
3302	661	17069
3303	661	24203
3304	661	24490
3305	661	24504
3306	662	17659
3307	662	20365
3308	662	20477
3309	662	22190
3310	662	24344
3311	663	8767
3312	663	19256
3313	663	24326
3314	663	24622
3315	663	24772
3316	664	12248
3317	664	16559
3318	664	17082
3319	664	18301
3320	664	20752
3321	665	8446
3322	665	15562
3323	665	19157
3324	665	19902
3325	665	22307
3326	666	14242
3327	666	22320
3328	666	23041
3329	666	24686
3330	666	24752
3331	667	13938
3332	667	15979
3333	667	21539
3334	667	22693
3335	667	23713
3336	668	13810
3337	668	23741
3338	668	23837
3339	668	24013
3340	668	24293
3341	669	11294
3342	669	17116
3343	669	18660
3344	669	18946
3345	669	24931
3346	670	5888
3347	670	6224
3348	670	7888
3349	670	11766
3350	670	13783
3351	671	2514
3352	671	5861
3353	671	8754
3354	671	13447
3355	671	20828
3356	672	6629
3357	672	13568
3358	672	21692
3359	672	22645
3360	672	24628
3361	673	11935
3362	673	14715
3363	673	19884
3364	673	21892
3365	673	22650
3366	674	15587
3367	674	18004
3368	674	18760
3369	674	23741
3370	674	24312
3371	675	6261
3372	675	12325
3373	675	13523
3374	675	21733
3375	675	24293
3376	676	15020
3377	676	17196
3378	676	22361
3379	676	22918
3380	676	24523
3381	677	3290
3382	677	7804
3383	677	21940
3384	677	24026
3385	677	24445
3386	678	10718
3387	678	13801
3388	678	23656
3389	678	23720
3390	678	24426
3391	679	19912
3392	679	20149
3393	679	21155
3394	679	22049
3395	679	24102
3396	680	6178
3397	680	16558
3398	680	24176
3399	680	24459
3400	680	24702
3401	681	4612
3402	681	21379
3403	681	23380
3404	681	24450
3405	681	24749
3406	682	2154
3407	682	3629
3408	682	11310
3409	682	11666
3410	682	18403
3411	683	10064
3412	683	18359
3413	683	20329
3414	683	23091
3415	683	24681
3416	684	9014
3417	684	11806
3418	684	20374
3419	684	20416
3420	684	22349
3421	685	17083
3422	685	23605
3423	685	23814
3424	685	23832
3425	685	24262
3426	686	518
3427	686	7411
3428	686	19877
3429	686	20303
3430	686	23398
3431	687	10228
3432	687	21727
3433	687	22301
3434	687	23037
3435	687	23751
3436	688	17482
3437	688	21225
3438	688	21637
3439	688	22376
3440	688	23285
3441	689	15793
3442	689	22654
3443	689	22713
3444	689	24539
3445	689	24632
3446	690	3825
3447	690	14095
3448	690	14918
3449	690	17066
3450	690	18997
3451	691	7314
3452	691	21807
3453	691	22298
3454	691	23137
3455	691	23593
3456	692	13876
3457	692	13908
3458	692	22671
3459	692	22791
3460	692	23921
3461	693	5932
3462	693	12653
3463	693	13078
3464	693	22265
3465	693	23909
3466	694	573
3467	694	2494
3468	694	3129
3469	694	9058
3470	694	17473
3471	695	17495
3472	695	17655
3473	695	20083
3474	695	21107
3475	695	21614
3476	696	4491
3477	696	18191
3478	696	20504
3479	696	21896
3480	696	24624
3481	697	5804
3482	697	18892
3483	697	21711
3484	697	22695
3485	697	24370
3486	698	18653
3487	698	22807
3488	698	24165
3489	698	24850
3490	698	24937
3491	699	8446
3492	699	12100
3493	699	15883
3494	699	16979
3495	699	17180
3496	700	4598
3497	700	9777
3498	700	14687
3499	700	16692
3500	700	24727
3501	701	2591
3502	701	14659
3503	701	22114
3504	701	23111
3505	701	23146
3506	702	10012
3507	702	17340
3508	702	24220
3509	702	24710
3510	702	24773
3511	703	11089
3512	703	18327
3513	703	18475
3514	703	19690
3515	703	21251
3516	704	15032
3517	704	17194
3518	704	21561
3519	704	22181
3520	704	22465
3521	705	6559
3522	705	11524
3523	705	20156
3524	705	21540
3525	705	23510
3526	706	13257
3527	706	13285
3528	706	17569
3529	706	17848
3530	706	21785
3531	707	13928
3532	707	15625
3533	707	22360
3534	707	23517
3535	707	23867
3536	708	2191
3537	708	6694
3538	708	8841
3539	708	12167
3540	708	14517
3541	709	5292
3542	709	12757
3543	709	22353
3544	709	22747
3545	709	24826
3546	710	3511
3547	710	5020
3548	710	5174
3549	710	16048
3550	710	19929
3551	711	792
3552	711	873
3553	711	1162
3554	711	3533
3555	711	15683
3556	712	10616
3557	712	21325
3558	712	21648
3559	712	24472
3560	712	24878
3561	713	12776
3562	713	18194
3563	713	20192
3564	713	22401
3565	713	23419
3566	714	13503
3567	714	13865
3568	714	18226
3569	714	22946
3570	714	23878
3571	715	14960
3572	715	16771
3573	715	17934
3574	715	20031
3575	715	20129
3576	716	1976
3577	716	18181
3578	716	20654
3579	716	24492
3580	716	24879
3581	717	13043
3582	717	13831
3583	717	22814
3584	717	24071
3585	717	24244
3586	718	6280
3587	718	10557
3588	718	11704
3589	718	16374
3590	718	22887
3591	719	1453
3592	719	8261
3593	719	23362
3594	719	23480
3595	719	24949
3596	720	5113
3597	720	14439
3598	720	18177
3599	720	21056
3600	720	23838
3601	721	6550
3602	721	23137
3603	721	24087
3604	721	24704
3605	721	24910
3606	722	9335
3607	722	19027
3608	722	21743
3609	722	21923
3610	722	24444
3611	723	15061
3612	723	16882
3613	723	17900
3614	723	21710
3615	723	21968
3616	724	4078
3617	724	10983
3618	724	12070
3619	724	12943
3620	724	15358
3621	725	6345
3622	725	7771
3623	725	8059
3624	725	14569
3625	725	17102
3626	726	8469
3627	726	9285
3628	726	11053
3629	726	12384
3630	726	15828
3631	727	10321
3632	727	16413
3633	727	20360
3634	727	22895
3635	727	24838
3636	728	11381
3637	728	18067
3638	728	18108
3639	728	21414
3640	728	22603
3641	729	3902
3642	729	16666
3643	729	16986
3644	729	17457
3645	729	24064
3646	730	12531
3647	730	19570
3648	730	23121
3649	730	23546
3650	730	24934
3651	731	17137
3652	731	17302
3653	731	18892
3654	731	19476
3655	731	23264
3656	732	8545
3657	732	11575
3658	732	19653
3659	732	21616
3660	732	24354
3661	733	5882
3662	733	8578
3663	733	15693
3664	733	21590
3665	733	24166
3666	734	12123
3667	734	21118
3668	734	22640
3669	734	22754
3670	734	23023
3671	735	20688
3672	735	21633
3673	735	23718
3674	735	24023
3675	735	24702
3676	736	9065
3677	736	12820
3678	736	14070
3679	736	22865
3680	736	24531
3681	737	19280
3682	737	20203
3683	737	22324
3684	737	23242
3685	737	23357
3686	738	8928
3687	738	9232
3688	738	14097
3689	738	14578
3690	738	16127
3691	739	15128
3692	739	17380
3693	739	18808
3694	739	20158
3695	739	23624
3696	740	15044
3697	740	15573
3698	740	21888
3699	740	22846
3700	740	23151
3701	741	14490
3702	741	19524
3703	741	21319
3704	741	23929
3705	741	24877
3706	742	9008
3707	742	18631
3708	742	22202
3709	742	23858
3710	742	24627
3711	743	6397
3712	743	7477
3713	743	9840
3714	743	10303
3715	743	23950
3716	744	8796
3717	744	11780
3718	744	16773
3719	744	19892
3720	744	20937
3721	745	4894
3722	745	18657
3723	745	22440
3724	745	23075
3725	745	23600
3726	746	3387
3727	746	7958
3728	746	18417
3729	746	21805
3730	746	24199
3731	747	21203
3732	747	21242
3733	747	21264
3734	747	23633
3735	747	23849
3736	748	1950
3737	748	1959
3738	748	7877
3739	748	14442
3740	748	24273
3741	749	583
3742	749	16882
3743	749	21935
3744	749	22431
3745	749	23228
3746	750	12459
3747	750	16552
3748	750	16727
3749	750	18696
3750	750	20391
3751	751	18426
3752	751	18532
3753	751	20198
3754	751	22221
3755	751	22944
3756	752	1278
3757	752	7537
3758	752	8612
3759	752	12692
3760	752	15908
3761	753	20652
3762	753	21171
3763	753	21709
3764	753	23248
3765	753	23336
3766	754	14926
3767	754	18634
3768	754	19963
3769	754	22371
3770	754	23915
3771	755	1447
3772	755	7313
3773	755	15993
3774	755	20788
3775	755	22604
3776	756	1438
3777	756	22129
3778	756	22158
3779	756	22343
3780	756	23865
3781	757	9807
3782	757	18475
3783	757	21314
3784	757	23532
3785	757	24136
3786	758	3207
3787	758	6225
3788	758	6707
3789	758	10440
3790	758	23518
3791	759	12158
3792	759	14787
3793	759	18215
3794	759	21294
3795	759	24205
3796	760	10295
3797	760	17498
3798	760	19889
3799	760	20660
3800	760	23631
3801	761	2821
3802	761	11892
3803	761	14416
3804	761	18688
3805	761	19173
3806	762	4738
3807	762	6533
3808	762	7979
3809	762	8272
3810	762	17943
3811	763	4033
3812	763	5331
3813	763	12655
3814	763	17440
3815	763	24838
3816	764	19799
3817	764	20396
3818	764	20987
3819	764	23016
3820	764	23220
3821	765	22916
3822	765	22920
3823	765	23346
3824	765	23962
3825	765	24792
3826	766	10062
3827	766	16521
3828	766	22878
3829	766	23546
3830	766	24934
3831	767	2588
3832	767	8612
3833	767	10930
3834	767	12564
3835	767	12692
3836	768	6529
3837	768	10950
3838	768	20883
3839	768	23147
3840	768	23986
3841	769	439
3842	769	12345
3843	769	14474
3844	769	18499
3845	769	22631
3846	770	8473
3847	770	11547
3848	770	22904
3849	770	23409
3850	770	24750
3851	771	14803
3852	771	18719
3853	771	19700
3854	771	21654
3855	771	24231
3856	772	21380
3857	772	21410
3858	772	22302
3859	772	22963
3860	772	24464
3861	773	7523
3862	773	8154
3863	773	13163
3864	773	22634
3865	773	24270
3866	774	19732
3867	774	22871
3868	774	24298
3869	774	24300
3870	774	24725
3871	775	2432
3872	775	12887
3873	775	13186
3874	775	24549
3875	775	24978
3876	776	3916
3877	776	8126
3878	776	10600
3879	776	19106
3880	776	22673
3881	777	2711
3882	777	4453
3883	777	7238
3884	777	11516
3885	777	13022
3886	778	5496
3887	778	9680
3888	778	15754
3889	778	19728
3890	778	21052
3891	779	7896
3892	779	9973
3893	779	12251
3894	779	22882
3895	779	24278
3896	780	2566
3897	780	13838
3898	780	22670
3899	780	23745
3900	780	24151
3901	781	11582
3902	781	11702
3903	781	14287
3904	781	16941
3905	781	17972
3906	782	9313
3907	782	10896
3908	782	17744
3909	782	18589
3910	782	23625
3911	783	19768
3912	783	21156
3913	783	22142
3914	783	22606
3915	783	23215
3916	784	6564
3917	784	8691
3918	784	15461
3919	784	15549
3920	784	17749
3921	785	6019
3922	785	16911
3923	785	19782
3924	785	20321
3925	785	22214
3926	786	16969
3927	786	20404
3928	786	22143
3929	786	24101
3930	786	24267
3931	787	4258
3932	787	21782
3933	787	22067
3934	787	23373
3935	787	24980
3936	788	10103
3937	788	18090
3938	788	18933
3939	788	21053
3940	788	22012
3941	789	5694
3942	789	6675
3943	789	8004
3944	789	10338
3945	789	24940
3946	790	3660
3947	790	12427
3948	790	14730
3949	790	17249
3950	790	24007
3951	791	565
3952	791	2295
3953	791	2891
3954	791	12337
3955	791	20854
3956	792	711
3957	792	5333
3958	792	15873
3959	792	18698
3960	792	19081
3961	793	12974
3962	793	14236
3963	793	20187
3964	793	21701
3965	793	23313
3966	794	528
3967	794	13294
3968	794	18348
3969	794	19861
3970	794	22401
3971	795	2764
3972	795	7599
3973	795	11881
3974	795	22717
3975	795	22885
3976	796	13466
3977	796	16104
3978	796	17832
3979	796	17921
3980	796	23124
3981	797	4286
3982	797	10699
3983	797	16752
3984	797	17609
3985	797	21224
3986	798	5269
3987	798	5840
3988	798	10195
3989	798	13321
3990	798	13341
3991	799	7501
3992	799	16917
3993	799	18063
3994	799	19361
3995	799	19693
3996	800	9257
3997	800	12313
3998	800	21475
3999	800	23375
4000	800	24548
4001	801	7147
4002	801	8439
4003	801	22439
4004	801	24595
4005	801	24857
4006	802	874
4007	802	16695
4008	802	20788
4009	802	20919
4010	802	22862
4011	803	19075
4012	803	21990
4013	803	22518
4014	803	23557
4015	803	23679
4016	804	4202
4017	804	4975
4018	804	20663
4019	804	22191
4020	804	22560
4021	805	3860
4022	805	12826
4023	805	23329
4024	805	24248
4025	805	24550
4026	806	1916
4027	806	15215
4028	806	18195
4029	806	20772
4030	806	24696
4031	807	11973
4032	807	22566
4033	807	23448
4034	807	23629
4035	807	23828
4036	808	5084
4037	808	6206
4038	808	13309
4039	808	16548
4040	808	19131
4041	809	15700
4042	809	16159
4043	809	16484
4044	809	16823
4045	809	22078
4046	810	13875
4047	810	14027
4048	810	18285
4049	810	20846
4050	810	22804
4051	811	15941
4052	811	17977
4053	811	19427
4054	811	23325
4055	811	24674
4056	812	3455
4057	812	18964
4058	812	19721
4059	812	24347
4060	812	24968
4061	813	6387
4062	813	10334
4063	813	11908
4064	813	21940
4065	813	24160
4066	814	11584
4067	814	20442
4068	814	21607
4069	814	23135
4070	814	24644
4071	815	545
4072	815	6127
4073	815	10485
4074	815	12755
4075	815	21682
4076	816	15239
4077	816	15513
4078	816	18375
4079	816	18419
4080	816	23616
4081	817	5845
4082	817	17769
4083	817	18312
4084	817	22841
4085	817	24750
4086	818	4780
4087	818	8227
4088	818	8725
4089	818	9537
4090	818	23464
4091	819	3574
4092	819	14337
4093	819	17612
4094	819	22729
4095	819	23283
4096	820	18851
4097	820	21594
4098	820	21925
4099	820	22853
4100	820	24319
4101	821	957
4102	821	2518
4103	821	4172
4104	821	9957
4105	821	22698
4106	822	23048
4107	822	23217
4108	822	23739
4109	822	24432
4110	822	24818
4111	823	15728
4112	823	16469
4113	823	18401
4114	823	19842
4115	823	23833
4116	824	409
4117	824	7440
4118	824	7905
4119	824	23527
4120	824	24366
4121	825	4259
4122	825	21384
4123	825	21525
4124	825	24215
4125	825	24515
4126	826	7326
4127	826	9151
4128	826	22222
4129	826	23652
4130	826	24214
4131	827	13970
4132	827	17229
4133	827	17271
4134	827	18615
4135	827	23845
4136	828	8642
4137	828	14463
4138	828	17056
4139	828	17809
4140	828	23611
4141	829	6752
4142	829	24227
4143	829	24338
4144	829	24520
4145	829	24792
4146	830	2079
4147	830	4509
4148	830	12009
4149	830	14553
4150	830	16993
4151	831	8226
4152	831	14847
4153	831	16008
4154	831	21841
4155	831	23668
4156	832	4812
4157	832	6145
4158	832	8184
4159	832	15185
4160	832	18505
4161	833	15512
4162	833	18187
4163	833	18996
4164	833	22742
4165	833	24428
4166	834	24
4167	834	12477
4168	834	15900
4169	834	20930
4170	834	23950
4171	835	3910
4172	835	12974
4173	835	22755
4174	835	24275
4175	835	24483
4176	836	11461
4177	836	12053
4178	836	12393
4179	836	14611
4180	836	16131
4181	837	5704
4182	837	10530
4183	837	15279
4184	837	19276
4185	837	24863
4186	838	492
4187	838	8132
4188	838	11678
4189	838	12653
4190	838	13669
4191	839	2903
4192	839	8322
4193	839	8596
4194	839	12101
4195	839	23021
4196	840	15512
4197	840	23224
4198	840	23609
4199	840	24014
4200	840	24906
4201	841	471
4202	841	2130
4203	841	10244
4204	841	14267
4205	841	23186
4206	842	6891
4207	842	7633
4208	842	12133
4209	842	16743
4210	842	17369
4211	843	9145
4212	843	21087
4213	843	21555
4214	843	24000
4215	843	24767
4216	844	6864
4217	844	14028
4218	844	23285
4219	844	24815
4220	844	24944
4221	845	206
4222	845	22271
4223	845	23454
4224	845	24251
4225	845	24768
4226	846	9969
4227	846	18745
4228	846	20316
4229	846	21463
4230	846	24276
4231	847	13788
4232	847	18474
4233	847	18574
4234	847	20847
4235	847	23762
4236	848	2281
4237	848	5042
4238	848	6009
4239	848	10759
4240	848	15238
4241	849	3842
4242	849	7928
4243	849	10686
4244	849	14951
4245	849	16929
4246	850	13605
4247	850	17765
4248	850	20518
4249	850	23870
4250	850	24483
4251	851	19268
4252	851	19858
4253	851	20516
4254	851	23132
4255	851	23863
4256	852	5244
4257	852	9800
4258	852	21988
4259	852	22489
4260	852	24347
4261	853	1978
4262	853	8625
4263	853	13457
4264	853	14664
4265	853	21945
4266	854	14811
4267	854	15110
4268	854	20831
4269	854	23918
4270	854	24256
4271	855	6681
4272	855	13702
4273	855	19354
4274	855	20687
4275	855	23855
4276	856	9945
4277	856	14619
4278	856	15200
4279	856	22310
4280	856	22847
4281	857	1640
4282	857	13921
4283	857	23126
4284	857	23982
4285	857	24101
4286	858	5105
4287	858	18518
4288	858	19087
4289	858	19473
4290	858	23642
4291	859	8208
4292	859	19570
4293	859	21992
4294	859	23817
4295	859	24986
4296	860	10576
4297	860	21263
4298	860	21288
4299	860	23184
4300	860	24893
4301	861	13973
4302	861	13996
4303	861	17135
4304	861	19285
4305	861	23067
4306	862	7947
4307	862	9714
4308	862	10798
4309	862	18378
4310	862	24941
4311	863	10855
4312	863	15606
4313	863	21727
4314	863	23197
4315	863	24134
4316	864	4476
4317	864	15675
4318	864	16829
4319	864	19123
4320	864	23319
4321	865	4815
4322	865	9403
4323	865	11506
4324	865	22923
4325	865	22955
4326	866	7487
4327	866	10177
4328	866	12682
4329	866	16394
4330	866	21039
4331	867	1222
4332	867	8432
4333	867	9816
4334	867	22190
4335	867	22971
4336	868	312
4337	868	20026
4338	868	21245
4339	868	21468
4340	868	22512
4341	869	2468
4342	869	12736
4343	869	12807
4344	869	16652
4345	869	24525
4346	870	7374
4347	870	11237
4348	870	12999
4349	870	13198
4350	870	14641
4351	871	7860
4352	871	13181
4353	871	13878
4354	871	17694
4355	871	20552
4356	872	11225
4357	872	15431
4358	872	16113
4359	872	22412
4360	872	23434
4361	873	316
4362	873	711
4363	873	9343
4364	873	22555
4365	873	24187
4366	874	802
4367	874	4950
4368	874	16344
4369	874	20788
4370	874	22536
4371	875	4543
4372	875	20059
4373	875	22256
4374	875	23808
4375	875	24634
4376	876	8164
4377	876	15655
4378	876	21920
4379	876	22786
4380	876	24297
4381	877	5272
4382	877	12614
4383	877	15713
4384	877	15994
4385	877	17541
4386	878	225
4387	878	652
4388	878	4392
4389	878	14471
4390	878	14607
4391	879	8210
4392	879	14370
4393	879	17784
4394	879	17886
4395	879	21351
4396	880	11478
4397	880	15440
4398	880	24397
4399	880	24542
4400	880	24636
4401	881	5228
4402	881	12372
4403	881	13326
4404	881	14847
4405	881	21898
4406	882	6837
4407	882	16346
4408	882	16801
4409	882	18629
4410	882	20645
4411	883	338
4412	883	6727
4413	883	8703
4414	883	11347
4415	883	11698
4416	884	13299
4417	884	17650
4418	884	21895
4419	884	22251
4420	884	22326
4421	885	10482
4422	885	18655
4423	885	19792
4424	885	23482
4425	885	24591
4426	886	14212
4427	886	14213
4428	886	21100
4429	886	21391
4430	886	23949
4431	887	2237
4432	887	13737
4433	887	14223
4434	887	24112
4435	887	24136
4436	888	5329
4437	888	15078
4438	888	17699
4439	888	23204
4440	888	24223
4441	889	3027
4442	889	9504
4443	889	10869
4444	889	22000
4445	889	23347
4446	890	11486
4447	890	14019
4448	890	22794
4449	890	23695
4450	890	23895
4451	891	1084
4452	891	1779
4453	891	16840
4454	891	17665
4455	891	24480
4456	892	2500
4457	892	14190
4458	892	14745
4459	892	15553
4460	892	19601
4461	893	9801
4462	893	16780
4463	893	18330
4464	893	19721
4465	893	24982
4466	894	1463
4467	894	7945
4468	894	10090
4469	894	11210
4470	894	19391
4471	895	2526
4472	895	7445
4473	895	9092
4474	895	16474
4475	895	20748
4476	896	7907
4477	896	14684
4478	896	19455
4479	896	21774
4480	896	23723
4481	897	3863
4482	897	13820
4483	897	17529
4484	897	19093
4485	897	23262
4486	898	6645
4487	898	14159
4488	898	16758
4489	898	17221
4490	898	24652
4491	899	5107
4492	899	15749
4493	899	16056
4494	899	20495
4495	899	22912
4496	900	425
4497	900	17238
4498	900	20122
4499	900	22160
4500	900	23268
4501	901	1590
4502	901	5149
4503	901	7670
4504	901	10307
4505	901	14615
4506	902	9212
4507	902	17924
4508	902	19597
4509	902	20605
4510	902	21402
4511	903	2050
4512	903	4376
4513	903	8639
4514	903	11959
4515	903	13846
4516	904	1008
4517	904	14625
4518	904	23334
4519	904	24782
4520	904	24929
4521	905	16828
4522	905	19244
4523	905	23237
4524	905	23703
4525	905	23898
4526	906	1816
4527	906	8368
4528	906	9440
4529	906	14599
4530	906	20615
4531	907	1440
4532	907	8064
4533	907	11624
4534	907	15132
4535	907	21214
4536	908	1124
4537	908	19195
4538	908	19387
4539	908	20249
4540	908	21982
4541	909	1290
4542	909	3421
4543	909	19866
4544	909	24061
4545	909	24198
4546	910	18006
4547	910	20612
4548	910	20616
4549	910	22940
4550	910	23263
4551	911	14013
4552	911	14916
4553	911	15402
4554	911	16023
4555	911	20829
4556	912	14358
4557	912	17717
4558	912	18151
4559	912	22325
4560	912	22939
4561	913	16836
4562	913	18168
4563	913	22587
4564	913	23525
4565	913	24439
4566	914	6425
4567	914	6610
4568	914	22257
4569	914	23455
4570	914	24232
4571	915	14278
4572	915	15202
4573	915	22958
4574	915	23294
4575	915	24086
4576	916	651
4577	916	6299
4578	916	9566
4579	916	23671
4580	916	24035
4581	917	13173
4582	917	14579
4583	917	16605
4584	917	17762
4585	917	22202
4586	918	5378
4587	918	13575
4588	918	19437
4589	918	19561
4590	918	19933
4591	919	6025
4592	919	18357
4593	919	21302
4594	919	21660
4595	919	23637
4596	920	3516
4597	920	4183
4598	920	5336
4599	920	6404
4600	920	7235
4601	921	4428
4602	921	13709
4603	921	22549
4604	921	24697
4605	921	24935
4606	922	4768
4607	922	18828
4608	922	20394
4609	922	20645
4610	922	24209
4611	923	4825
4612	923	7176
4613	923	19766
4614	923	23266
4615	923	23627
4616	924	578
4617	924	10636
4618	924	17915
4619	924	19508
4620	924	20019
4621	925	1662
4622	925	6005
4623	925	19155
4624	925	19590
4625	925	22973
4626	926	21409
4627	926	21550
4628	926	21870
4629	926	22069
4630	926	23407
4631	927	4633
4632	927	17973
4633	927	19863
4634	927	22044
4635	927	23589
4636	928	19176
4637	928	19537
4638	928	21814
4639	928	21856
4640	928	22325
4641	929	7219
4642	929	9600
4643	929	10227
4644	929	12345
4645	929	13416
4646	930	1209
4647	930	6795
4648	930	11911
4649	930	16862
4650	930	19255
4651	931	11062
4652	931	24184
4653	931	24307
4654	931	24814
4655	931	24996
4656	932	18197
4657	932	19326
4658	932	19695
4659	932	21880
4660	932	22381
4661	933	22572
4662	933	22753
4663	933	22855
4664	933	23357
4665	933	23801
4666	934	7968
4667	934	17803
4668	934	21653
4669	934	23526
4670	934	23901
4671	935	11245
4672	935	23582
4673	935	24397
4674	935	24410
4675	935	24636
4676	936	3573
4677	936	6885
4678	936	21446
4679	936	23009
4680	936	24452
4681	937	2917
4682	937	3313
4683	937	8468
4684	937	20831
4685	937	24362
4686	938	3436
4687	938	18743
4688	938	20949
4689	938	23463
4690	938	24040
4691	939	6325
4692	939	18363
4693	939	24127
4694	939	24174
4695	939	24820
4696	940	15847
4697	940	16644
4698	940	19839
4699	940	19873
4700	940	23510
4701	941	4396
4702	941	4962
4703	941	7311
4704	941	7719
4705	941	22295
4706	942	18731
4707	942	19813
4708	942	21017
4709	942	21607
4710	942	23135
4711	943	7393
4712	943	12263
4713	943	16991
4714	943	20619
4715	943	22760
4716	944	12893
4717	944	16702
4718	944	19126
4719	944	19462
4720	944	20186
4721	945	7763
4722	945	13681
4723	945	15892
4724	945	21929
4725	945	24650
4726	946	8249
4727	946	13288
4728	946	14411
4729	946	19811
4730	946	24552
4731	947	14700
4732	947	19658
4733	947	21195
4734	947	21227
4735	947	21876
4736	948	9876
4737	948	17154
4738	948	24603
4739	948	24655
4740	948	24978
4741	949	6542
4742	949	8413
4743	949	12207
4744	949	17428
4745	949	24079
4746	950	6051
4747	950	6676
4748	950	13044
4749	950	19895
4750	950	24836
4751	951	19
4752	951	4724
4753	951	16884
4754	951	17620
4755	951	19010
4756	952	1483
4757	952	9797
4758	952	15758
4759	952	21158
4760	952	23123
4761	953	645
4762	953	2864
4763	953	3644
4764	953	10206
4765	953	24913
4766	954	18050
4767	954	19122
4768	954	20799
4769	954	21167
4770	954	21716
4771	955	12115
4772	955	21959
4773	955	22612
4774	955	22867
4775	955	22901
4776	956	3041
4777	956	14272
4778	956	20911
4779	956	24707
4780	956	24976
4781	957	821
4782	957	1698
4783	957	2518
4784	957	4172
4785	957	12881
4786	958	510
4787	958	3732
4788	958	5355
4789	958	12310
4790	958	12699
4791	959	1314
4792	959	14329
4793	959	15120
4794	959	21766
4795	959	23657
4796	960	13054
4797	960	14646
4798	960	22024
4799	960	24190
4800	960	24633
4801	961	6337
4802	961	18125
4803	961	22919
4804	961	23572
4805	961	24088
4806	962	18957
4807	962	19015
4808	962	19246
4809	962	23064
4810	962	24646
4811	963	1331
4812	963	5006
4813	963	5853
4814	963	8229
4815	963	21993
4816	964	20953
4817	964	24353
4818	964	24523
4819	964	24800
4820	964	24965
4821	965	5963
4822	965	12218
4823	965	16446
4824	965	16815
4825	965	19966
4826	966	21762
4827	966	23157
4828	966	24111
4829	966	24388
4830	966	24461
4831	967	15430
4832	967	16882
4833	967	20936
4834	967	21459
4835	967	21968
4836	968	12169
4837	968	12392
4838	968	12702
4839	968	14443
4840	968	16455
4841	969	11026
4842	969	13323
4843	969	14055
4844	969	17004
4845	969	17254
4846	970	14805
4847	970	21277
4848	970	21926
4849	970	22891
4850	970	24316
4851	971	8148
4852	971	21198
4853	971	23023
4854	971	23221
4855	971	23344
4856	972	6886
4857	972	12240
4858	972	12845
4859	972	16111
4860	972	23020
4861	973	7489
4862	973	7886
4863	973	13992
4864	973	14407
4865	973	22644
4866	974	13616
4867	974	13997
4868	974	15133
4869	974	16171
4870	974	23207
4871	975	6190
4872	975	9646
4873	975	18006
4874	975	19395
4875	975	20681
4876	976	7720
4877	976	8044
4878	976	13333
4879	976	15709
4880	976	17277
4881	977	1133
4882	977	4005
4883	977	4824
4884	977	9636
4885	977	21603
4886	978	1625
4887	978	7160
4888	978	12156
4889	978	13367
4890	978	19380
4891	979	643
4892	979	3423
4893	979	6184
4894	979	17165
4895	979	18171
4896	980	2961
4897	980	18289
4898	980	22176
4899	980	22186
4900	980	23299
4901	981	7500
4902	981	12662
4903	981	15166
4904	981	19235
4905	981	21133
4906	982	5231
4907	982	10263
4908	982	11448
4909	982	17768
4910	982	19791
4911	983	2113
4912	983	10669
4913	983	13079
4914	983	13559
4915	983	24240
4916	984	4818
4917	984	6978
4918	984	14110
4919	984	23744
4920	984	23827
4921	985	3730
4922	985	21453
4923	985	22240
4924	985	23145
4925	985	24574
4926	986	5924
4927	986	8703
4928	986	11698
4929	986	24006
4930	986	24802
4931	987	1466
4932	987	2185
4933	987	10590
4934	987	23288
4935	987	24345
4936	988	10606
4937	988	13017
4938	988	17477
4939	988	17935
4940	988	21641
4941	989	1108
4942	989	5126
4943	989	11057
4944	989	11714
4945	989	17759
4946	990	10902
4947	990	15846
4948	990	19095
4949	990	19671
4950	990	22400
4951	991	5948
4952	991	6627
4953	991	9037
4954	991	11380
4955	991	16941
4956	992	20022
4957	992	21228
4958	992	21880
4959	992	21915
4960	992	21966
4961	993	15455
4962	993	18418
4963	993	18551
4964	993	18864
4965	993	22834
4966	994	2039
4967	994	4186
4968	994	8487
4969	994	11184
4970	994	13733
4971	995	355
4972	995	19597
4973	995	23234
4974	995	24491
4975	995	24797
4976	996	8884
4977	996	9165
4978	996	21134
4979	996	21398
4980	996	21920
4981	997	18586
4982	997	19746
4983	997	20170
4984	997	24667
4985	997	24729
4986	998	308
4987	998	6449
4988	998	24385
4989	998	24783
4990	998	24989
4991	999	17218
4992	999	21708
4993	999	22098
4994	999	22145
4995	999	24951
4996	1000	11905
4997	1000	15063
4998	1000	15373
4999	1000	16174
5000	1000	21509
5001	1001	2126
5002	1001	18594
5003	1001	19599
5004	1001	22986
5005	1001	24865
5006	1002	186
5007	1002	1102
5008	1002	14037
5009	1002	17327
5010	1002	18336
5011	1003	6328
5012	1003	6505
5013	1003	13878
5014	1003	19937
5015	1003	24867
5016	1004	13561
5017	1004	20243
5018	1004	23116
5019	1004	23347
5020	1004	24860
5021	1005	5518
5022	1005	8020
5023	1005	18954
5024	1005	19515
5025	1005	20658
5026	1006	17568
5027	1006	18664
5028	1006	19043
5029	1006	22068
5030	1006	23271
5031	1007	7770
5032	1007	14368
5033	1007	15011
5034	1007	15248
5035	1007	15300
5036	1008	904
5037	1008	8877
5038	1008	15930
5039	1008	20807
5040	1008	24246
5041	1009	16305
5042	1009	18836
5043	1009	19295
5044	1009	22734
5045	1009	23322
5046	1010	15368
5047	1010	16225
5048	1010	16528
5049	1010	16912
5050	1010	18681
5051	1011	10978
5052	1011	12610
5053	1011	22532
5054	1011	23388
5055	1011	23551
5056	1012	14190
5057	1012	14668
5058	1012	14745
5059	1012	20323
5060	1012	24139
5061	1013	15512
5062	1013	16302
5063	1013	21832
5064	1013	24016
5065	1013	24906
5066	1014	5168
5067	1014	6246
5068	1014	16377
5069	1014	17141
5070	1014	22886
5071	1015	9146
5072	1015	16447
5073	1015	23666
5074	1015	24113
5075	1015	24591
5076	1016	11831
5077	1016	13069
5078	1016	23250
5079	1016	23906
5080	1016	24469
5081	1017	5411
5082	1017	7817
5083	1017	19051
5084	1017	24056
5085	1017	24178
5086	1018	7568
5087	1018	9335
5088	1018	10656
5089	1018	20695
5090	1018	22904
5091	1019	586
5092	1019	8634
5093	1019	20659
5094	1019	20731
5095	1019	21311
5096	1020	17549
5097	1020	18533
5098	1020	20395
5099	1020	23660
5100	1020	23869
5101	1021	2218
5102	1021	16836
5103	1021	22594
5104	1021	23326
5105	1021	24408
5106	1022	14979
5107	1022	15398
5108	1022	16037
5109	1022	23961
5110	1022	24664
5111	1023	10338
5112	1023	19028
5113	1023	19972
5114	1023	24343
5115	1023	24519
5116	1024	4065
5117	1024	6801
5118	1024	21102
5119	1024	21367
5120	1024	24641
5121	1025	14431
5122	1025	19204
5123	1025	20576
5124	1025	20803
5125	1025	24286
5126	1026	21299
5127	1026	21521
5128	1026	22564
5129	1026	24205
5130	1026	24243
5131	1027	5798
5132	1027	6456
5133	1027	9801
5134	1027	21871
5135	1027	24085
5136	1028	1616
5137	1028	14405
5138	1028	17342
5139	1028	20486
5140	1028	24758
5141	1029	7218
5142	1029	10835
5143	1029	15391
5144	1029	16607
5145	1029	23918
5146	1030	7497
5147	1030	21235
5148	1030	21484
5149	1030	21564
5150	1030	24086
5151	1031	1943
5152	1031	8074
5153	1031	22408
5154	1031	22720
5155	1031	23697
5156	1032	13069
5157	1032	20836
5158	1032	21704
5159	1032	22899
5160	1032	24292
5161	1033	15345
5162	1033	16606
5163	1033	22393
5164	1033	23554
5165	1033	24634
5166	1034	14735
5167	1034	17400
5168	1034	22609
5169	1034	24093
5170	1034	24613
5171	1035	16810
5172	1035	22134
5173	1035	22416
5174	1035	23499
5175	1035	23540
5176	1036	8102
5177	1036	15462
5178	1036	20950
5179	1036	23350
5180	1036	24207
5181	1037	14408
5182	1037	18231
5183	1037	20862
5184	1037	23377
5185	1037	24563
5186	1038	648
5187	1038	5072
5188	1038	16786
5189	1038	19669
5190	1038	23277
5191	1039	7312
5192	1039	13682
5193	1039	19717
5194	1039	22835
5195	1039	23487
5196	1040	7134
5197	1040	13611
5198	1040	21939
5199	1040	22154
5200	1040	24400
5201	1041	13869
5202	1041	18825
5203	1041	21199
5204	1041	22338
5205	1041	24181
5206	1042	143
5207	1042	10395
5208	1042	20654
5209	1042	22384
5210	1042	24879
5211	1043	1696
5212	1043	6682
5213	1043	14276
5214	1043	14853
5215	1043	16857
5216	1044	5502
5217	1044	9549
5218	1044	15597
5219	1044	16355
5220	1044	17145
5221	1045	8054
5222	1045	13394
5223	1045	22601
5224	1045	24381
5225	1045	24639
5226	1046	10518
5227	1046	19891
5228	1046	20335
5229	1046	24086
5230	1046	24806
5231	1047	2929
5232	1047	3728
5233	1047	6544
5234	1047	11087
5235	1047	16797
5236	1048	6573
5237	1048	12865
5238	1048	14179
5239	1048	15792
5240	1048	17341
5241	1049	8103
5242	1049	11513
5243	1049	16674
5244	1049	16705
5245	1049	21724
5246	1050	12549
5247	1050	13670
5248	1050	15732
5249	1050	16988
5250	1050	19493
5251	1051	18291
5252	1051	19749
5253	1051	20422
5254	1051	23692
5255	1051	24974
5256	1052	1749
5257	1052	13755
5258	1052	21547
5259	1052	23688
5260	1052	24685
5261	1053	5785
5262	1053	7911
5263	1053	11255
5264	1053	14537
5265	1053	17946
5266	1054	13719
5267	1054	15576
5268	1054	20712
5269	1054	23059
5270	1054	23738
5271	1055	6115
5272	1055	8264
5273	1055	10268
5274	1055	10455
5275	1055	21111
5276	1056	14861
5277	1056	15953
5278	1056	19571
5279	1056	19678
5280	1056	21357
5281	1057	5307
5282	1057	7722
5283	1057	16195
5284	1057	23678
5285	1057	24345
5286	1058	50
5287	1058	21630
5288	1058	22972
5289	1058	23319
5290	1058	23355
5291	1059	8957
5292	1059	14491
5293	1059	19645
5294	1059	22510
5295	1059	24146
5296	1060	6057
5297	1060	7252
5298	1060	7487
5299	1060	10177
5300	1060	21503
5301	1061	2180
5302	1061	3401
5303	1061	8359
5304	1061	11086
5305	1061	12689
5306	1062	19247
5307	1062	19744
5308	1062	22428
5309	1062	23698
5310	1062	24535
5311	1063	2635
5312	1063	10943
5313	1063	18616
5314	1063	20655
5315	1063	21241
5316	1064	12412
5317	1064	13759
5318	1064	15986
5319	1064	17299
5320	1064	21020
5321	1065	18285
5322	1065	20026
5323	1065	21204
5324	1065	21381
5325	1065	24815
5326	1066	6110
5327	1066	19303
5328	1066	23152
5329	1066	23276
5330	1066	23479
5331	1067	3919
5332	1067	10170
5333	1067	10780
5334	1067	13466
5335	1067	24362
5336	1068	14357
5337	1068	14612
5338	1068	19698
5339	1068	22617
5340	1068	23753
5341	1069	5058
5342	1069	9996
5343	1069	19749
5344	1069	23766
5345	1069	24413
5346	1070	11233
5347	1070	14136
5348	1070	18258
5349	1070	22592
5350	1070	24896
5351	1071	6728
5352	1071	12073
5353	1071	18178
5354	1071	19624
5355	1071	19755
5356	1072	6947
5357	1072	9987
5358	1072	21360
5359	1072	22931
5360	1072	24914
5361	1073	365
5362	1073	6829
5363	1073	8130
5364	1073	19705
5365	1073	24375
5366	1074	9214
5367	1074	10567
5368	1074	18971
5369	1074	20841
5370	1074	21483
5371	1075	7304
5372	1075	14847
5373	1075	23200
5374	1075	23781
5375	1075	23941
5376	1076	2537
5377	1076	18059
5378	1076	23572
5379	1076	24541
5380	1076	24761
5381	1077	7150
5382	1077	20898
5383	1077	21344
5384	1077	22859
5385	1077	24254
5386	1078	4210
5387	1078	17625
5388	1078	20064
5389	1078	21650
5390	1078	23137
5391	1079	5527
5392	1079	6194
5393	1079	9045
5394	1079	20071
5395	1079	22624
5396	1080	4374
5397	1080	10963
5398	1080	15173
5399	1080	21728
5400	1080	22278
5401	1081	384
5402	1081	4521
5403	1081	17576
5404	1081	18375
5405	1081	21918
5406	1082	7702
5407	1082	24158
5408	1082	24398
5409	1082	24544
5410	1082	24569
5411	1083	586
5412	1083	8563
5413	1083	20936
5414	1083	23440
5415	1083	24852
5416	1084	891
5417	1084	15585
5418	1084	17155
5419	1084	19693
5420	1084	20189
5421	1085	15442
5422	1085	18496
5423	1085	23122
5424	1085	23959
5425	1085	23973
5426	1086	2464
5427	1086	19875
5428	1086	22728
5429	1086	24850
5430	1086	24937
5431	1087	16555
5432	1087	21127
5433	1087	22382
5434	1087	23473
5435	1087	24285
5436	1088	2720
5437	1088	6622
5438	1088	16677
5439	1088	17811
5440	1088	18050
5441	1089	3767
5442	1089	9321
5443	1089	9617
5444	1089	17817
5445	1089	18035
5446	1090	15844
5447	1090	17421
5448	1090	20121
5449	1090	20929
5450	1090	21664
5451	1091	2777
5452	1091	8711
5453	1091	15175
5454	1091	17484
5455	1091	21575
5456	1092	14784
5457	1092	17729
5458	1092	23296
5459	1092	24344
5460	1092	24701
5461	1093	11698
5462	1093	20180
5463	1093	22202
5464	1093	24361
5465	1093	24915
5466	1094	10960
5467	1094	12388
5468	1094	19557
5469	1094	22983
5470	1094	23410
5471	1095	3019
5472	1095	9047
5473	1095	13141
5474	1095	13403
5475	1095	21466
5476	1096	19744
5477	1096	19913
5478	1096	20952
5479	1096	21297
5480	1096	22428
5481	1097	12211
5482	1097	16189
5483	1097	19489
5484	1097	19845
5485	1097	20197
5486	1098	5349
5487	1098	6176
5488	1098	19352
5489	1098	23292
5490	1098	23866
5491	1099	7068
5492	1099	13103
5493	1099	16788
5494	1099	18769
5495	1099	23919
5496	1100	21908
5497	1100	22847
5498	1100	24070
5499	1100	24378
5500	1100	24954
5501	1101	4670
5502	1101	8599
5503	1101	10225
5504	1101	12593
5505	1101	14331
5506	1102	1002
5507	1102	12878
5508	1102	13123
5509	1102	22205
5510	1102	22877
5511	1103	9260
5512	1103	21979
5513	1103	22507
5514	1103	23339
5515	1103	23814
5516	1104	5137
5517	1104	9483
5518	1104	15854
5519	1104	22577
5520	1104	23379
5521	1105	11163
5522	1105	13553
5523	1105	19892
5524	1105	20939
5525	1105	22219
5526	1106	14227
5527	1106	15352
5528	1106	22890
5529	1106	23295
5530	1106	23633
5531	1107	21099
5532	1107	23241
5533	1107	23990
5534	1107	24589
5535	1107	24663
5536	1108	989
5537	1108	4335
5538	1108	4744
5539	1108	10005
5540	1108	17956
5541	1109	11060
5542	1109	16614
5543	1109	18535
5544	1109	18577
5545	1109	21617
5546	1110	16853
5547	1110	17777
5548	1110	18379
5549	1110	20050
5550	1110	20685
5551	1111	6336
5552	1111	20253
5553	1111	21860
5554	1111	22403
5555	1111	24562
5556	1112	1423
5557	1112	10316
5558	1112	11013
5559	1112	16409
5560	1112	22039
5561	1113	17518
5562	1113	22808
5563	1113	23244
5564	1113	23769
5565	1113	24199
5566	1114	11698
5567	1114	18680
5568	1114	20306
5569	1114	20967
5570	1114	21956
5571	1115	14552
5572	1115	17918
5573	1115	19774
5574	1115	22045
5575	1115	24381
5576	1116	15860
5577	1116	23143
5578	1116	23963
5579	1116	24224
5580	1116	24511
5581	1117	3378
5582	1117	6396
5583	1117	12610
5584	1117	15352
5585	1117	23388
5586	1118	15318
5587	1118	23094
5588	1118	23474
5589	1118	24091
5590	1118	24569
5591	1119	106
5592	1119	20334
5593	1119	22890
5594	1119	23127
5595	1119	23987
5596	1120	4842
5597	1120	12850
5598	1120	16981
5599	1120	19806
5600	1120	20291
5601	1121	1232
5602	1121	19823
5603	1121	20166
5604	1121	23107
5605	1121	24424
5606	1122	15834
5607	1122	16892
5608	1122	17304
5609	1122	21282
5610	1122	21647
5611	1123	6638
5612	1123	9748
5613	1123	10454
5614	1123	13319
5615	1123	21221
5616	1124	908
5617	1124	4744
5618	1124	6994
5619	1124	12682
5620	1124	17161
5621	1125	15651
5622	1125	17585
5623	1125	23794
5624	1125	24049
5625	1125	24742
5626	1126	2307
5627	1126	18244
5628	1126	21268
5629	1126	23322
5630	1126	24402
5631	1127	9785
5632	1127	15854
5633	1127	16166
5634	1127	22405
5635	1127	22817
5636	1128	7277
5637	1128	15919
5638	1128	21143
5639	1128	22164
5640	1128	24987
5641	1129	15952
5642	1129	16018
5643	1129	20341
5644	1129	21613
5645	1129	23601
5646	1130	14667
5647	1130	16431
5648	1130	23299
5649	1130	24404
5650	1130	24588
5651	1131	4923
5652	1131	11227
5653	1131	15607
5654	1131	16086
5655	1131	23983
5656	1132	2389
5657	1132	14833
5658	1132	21352
5659	1132	21397
5660	1132	21621
5661	1133	977
5662	1133	4552
5663	1133	9184
5664	1133	10147
5665	1133	14628
5666	1134	4140
5667	1134	16563
5668	1134	23206
5669	1134	23707
5670	1134	23779
5671	1135	16855
5672	1135	22453
5673	1135	23388
5674	1135	24534
5675	1135	24939
5676	1136	21156
5677	1136	22488
5678	1136	22579
5679	1136	23714
5680	1136	24529
5681	1137	21185
5682	1137	21767
5683	1137	22292
5684	1137	22535
5685	1137	24944
5686	1138	7766
5687	1138	8008
5688	1138	14282
5689	1138	18186
5690	1138	22733
5691	1139	1626
5692	1139	3244
5693	1139	7007
5694	1139	8872
5695	1139	12441
5696	1140	1175
5697	1140	18508
5698	1140	24021
5699	1140	24329
5700	1140	24567
5701	1141	10037
5702	1141	10833
5703	1141	11881
5704	1141	13865
5705	1141	20082
5706	1142	15212
5707	1142	18971
5708	1142	19023
5709	1142	23557
5710	1142	24838
5711	1143	3677
5712	1143	3997
5713	1143	7041
5714	1143	10388
5715	1143	24113
5716	1144	12652
5717	1144	17497
5718	1144	23184
5719	1144	24048
5720	1144	24274
5721	1145	8533
5722	1145	18950
5723	1145	19996
5724	1145	22257
5725	1145	23575
5726	1146	3155
5727	1146	18665
5728	1146	21560
5729	1146	22457
5730	1146	24040
5731	1147	6949
5732	1147	22620
5733	1147	22857
5734	1147	23007
5735	1147	23775
5736	1148	6542
5737	1148	8413
5738	1148	12207
5739	1148	22634
5740	1148	24075
5741	1149	7442
5742	1149	11928
5743	1149	22238
5744	1149	24493
5745	1149	24948
5746	1150	6245
5747	1150	9010
5748	1150	12982
5749	1150	16320
5750	1150	17092
5751	1151	11458
5752	1151	17231
5753	1151	18812
5754	1151	20209
5755	1151	21424
5756	1152	8464
5757	1152	15350
5758	1152	21630
5759	1152	22617
5760	1152	24230
5761	1153	185
5762	1153	12010
5763	1153	20408
5764	1153	22103
5765	1153	24823
5766	1154	127
5767	1154	1658
5768	1154	7051
5769	1154	16950
5770	1154	18749
5771	1155	1723
5772	1155	6550
5773	1155	8837
5774	1155	9347
5775	1155	10816
5776	1156	7110
5777	1156	17096
5778	1156	18213
5779	1156	18307
5780	1156	18851
5781	1157	177
5782	1157	3583
5783	1157	15944
5784	1157	19092
5785	1157	24750
5786	1158	1452
5787	1158	11573
5788	1158	21777
5789	1158	22777
5790	1158	24390
5791	1159	13397
5792	1159	15150
5793	1159	17948
5794	1159	20966
5795	1159	22813
5796	1160	19263
5797	1160	22657
5798	1160	23374
5799	1160	24289
5800	1160	24856
5801	1161	10732
5802	1161	20555
5803	1161	21620
5804	1161	22160
5805	1161	23413
5806	1162	143
5807	1162	711
5808	1162	3533
5809	1162	9343
5810	1162	19388
5811	1163	4618
5812	1163	6762
5813	1163	19094
5814	1163	20557
5815	1163	20652
5816	1164	5787
5817	1164	10907
5818	1164	12854
5819	1164	19907
5820	1164	21217
5821	1165	16831
5822	1165	19033
5823	1165	20215
5824	1165	22374
5825	1165	23754
5826	1166	3236
5827	1166	7477
5828	1166	11746
5829	1166	17941
5830	1166	20519
5831	1167	22478
5832	1167	23494
5833	1167	24171
5834	1167	24536
5835	1167	24849
5836	1168	14990
5837	1168	22491
5838	1168	23478
5839	1168	23980
5840	1168	24073
5841	1169	6864
5842	1169	17398
5843	1169	18736
5844	1169	20125
5845	1169	22246
5846	1170	10129
5847	1170	13276
5848	1170	18610
5849	1170	20228
5850	1170	22443
5851	1171	5711
5852	1171	17296
5853	1171	21572
5854	1171	24584
5855	1171	24619
5856	1172	4070
5857	1172	5248
5858	1172	13001
5859	1172	14319
5860	1172	23506
5861	1173	19673
5862	1173	23449
5863	1173	23746
5864	1173	24645
5865	1173	24920
5866	1174	7523
5867	1174	8548
5868	1174	13163
5869	1174	13454
5870	1174	18855
5871	1175	1140
5872	1175	14098
5873	1175	24242
5874	1175	24562
5875	1175	24868
5876	1176	4655
5877	1176	12235
5878	1176	12386
5879	1176	19442
5880	1176	24040
5881	1177	6686
5882	1177	22710
5883	1177	24492
5884	1177	24769
5885	1177	24879
5886	1178	14737
5887	1178	19633
5888	1178	20235
5889	1178	20970
5890	1178	21675
5891	1179	3000
5892	1179	20071
5893	1179	21160
5894	1179	22523
5895	1179	24520
5896	1180	11632
5897	1180	17827
5898	1180	22949
5899	1180	23453
5900	1180	24025
5901	1181	9221
5902	1181	21284
5903	1181	23369
5904	1181	23842
5905	1181	24289
5906	1182	17207
5907	1182	19706
5908	1182	20509
5909	1182	23447
5910	1182	24034
5911	1183	2279
5912	1183	15878
5913	1183	17968
5914	1183	20436
5915	1183	24231
5916	1184	9313
5917	1184	10183
5918	1184	11531
5919	1184	17745
5920	1184	19838
5921	1185	7271
5922	1185	12224
5923	1185	22049
5924	1185	23447
5925	1185	24102
5926	1186	5729
5927	1186	7750
5928	1186	10945
5929	1186	12821
5930	1186	21041
5931	1187	5542
5932	1187	6441
5933	1187	7117
5934	1187	9606
5935	1187	16330
5936	1188	5433
5937	1188	8524
5938	1188	12400
5939	1188	15641
5940	1188	16244
5941	1189	4796
5942	1189	10576
5943	1189	10662
5944	1189	13724
5945	1189	18469
5946	1190	5799
5947	1190	15890
5948	1190	20215
5949	1190	21877
5950	1190	22374
5951	1191	1301
5952	1191	4925
5953	1191	13818
5954	1191	17662
5955	1191	21659
5956	1192	19140
5957	1192	20054
5958	1192	22051
5959	1192	22590
5960	1192	23856
5961	1193	20216
5962	1193	20971
5963	1193	21634
5964	1193	21662
5965	1193	23610
5966	1194	3939
5967	1194	5791
5968	1194	6698
5969	1194	9084
5970	1194	16818
5971	1195	4826
5972	1195	22557
5973	1195	23558
5974	1195	23762
5975	1195	23995
5976	1196	8875
5977	1196	14759
5978	1196	17721
5979	1196	21375
5980	1196	24257
5981	1197	5672
5982	1197	6790
5983	1197	7301
5984	1197	22622
5985	1197	24387
5986	1198	11632
5987	1198	13756
5988	1198	14753
5989	1198	16884
5990	1198	18888
5991	1199	3040
5992	1199	19523
5993	1199	23099
5994	1199	23627
5995	1199	24542
5996	1200	6260
5997	1200	7404
5998	1200	10150
5999	1200	14250
6000	1200	16854
